4 295
216 295
428 287
648 287
860 286
1072 280
1284 280
1496 271
1716 255
1928 255
2140 255
2352 255
2572 252
2784 248
2996 240
3208 231
3420 227
3640 224
3852 224
4064 216
4276 207
4488 199
4708 195
4920 192
5132 192
5344 184
5556 176
5776 167
5988 163
6200 159
6412 156
6628 152
6844 143
7056 135
7268 127
7480 127
7696 124
7908 120
8124 112
8336 110
8548 103
8764 99
8976 96
9188 92
9404 88
9616 81
9832 79
10044 78
10256 71
10468 67
10684 63
10900 63
11112 63
11324 60
11536 56
11756 56
11968 56
12180 56
12392 49
12604 49
12824 48
13036 48
13248 48
13460 48
13672 48
13892 48
14104 48
14316 48
14528 48
14740 49
14960 49
15172 56
15384 56
15596 56
15808 60
16028 62
16240 63
16452 63
16664 63
16884 71
17096 71
17308 79
17520 79
17732 88
17952 92
18164 96
18376 97
18588 99
18800 103
19016 112
19232 115
19444 120
19656 127
19868 127
20084 127
20300 143
20512 143
20724 152
20936 158
21152 159
21364 167
21580 176
21792 179
22008 184
22220 192
22432 195
22644 199
22860 207
23076 211
23288 220
23500 224
23712 227
23924 231
24144 240
24356 241
24568 248
24780 254
24992 255
25212 255
25424 255
25636 255
25848 271
26060 280
26280 284
26492 286
26704 287
26916 287
27136 295
27348 295
27560 304
27772 304
27984 312
28204 312
28416 312
28628 316
28840 318
29052 319
29272 319
29484 319
29696 319
29908 319
30120 319
30340 319
30552 319
30764 319
30976 319
31188 319
31408 318
31620 316
31832 316
32044 312
32260 312
32476 312
32688 312
32900 305
33112 304
33328 304
33544 295
33756 295
33968 287
34180 287
34396 286
34608 280
34824 280
35036 271
35248 255
35464 255
35676 255
35888 255
36104 248
36316 248
36532 240
36744 231
36956 227
37168 224
37388 220
37600 216
37812 207
38024 199
38236 195
38456 192
38668 188
38880 184
39092 176
39304 167
39524 159
39736 159
39948 152
40160 152
40372 143
40592 135
40804 127
41016 127
41228 124
41448 120
41660 112
41872 103
42084 103
42296 97
42516 96
42728 92
42940 88
43152 81
43364 79
43584 71
43796 71
44008 67
44220 63
44432 63
44652 63
44864 60
45076 56
45288 56
45500 56
45720 56
45932 49
46144 49
46356 48
46572 48
46788 48
47000 48
47212 48
47424 48
47640 48
47852 48
48068 49
48280 49
48492 51
48708 56
48920 56
49132 56
49348 60
49560 62
49776 63
49988 63
50200 63
50412 71
50628 71
50844 79
51056 79
51268 88
51480 92
51700 96
51912 97
52124 103
52336 103
52548 112
52768 120
52980 124
53192 127
53404 127
53616 135
53836 143
54048 145
54260 152
54472 159
4 305
216 312
428 312
640 312
852 316
1072 318
1284 319
1496 319
1708 319
1920 319
2140 319
2352 319
2564 319
2776 319
2988 319
3208 319
3420 319
3632 319
3844 319
4056 318
4276 316
4488 312
4700 312
4912 312
5128 304
5344 304
5556 295
5768 295
5980 287
6196 287
6412 287
6624 284
6836 280
7048 271
7264 255
7476 255
7692 255
7904 255
8116 254
8332 248
8544 241
8756 240
8972 231
9184 225
9400 224
9612 220
9824 216
10036 207
10256 199
10468 195
10680 192
10892 184
11104 177
11324 176
11536 167
11748 159
11960 158
12172 152
12392 143
12604 143
12816 127
13028 127
13240 127
13460 120
13672 120
13884 112
14096 103
14308 103
14528 97
14740 96
14952 92
15164 88
15384 79
15596 79
15808 71
16020 71
16232 63
16452 63
16664 63
16876 62
17088 60
17300 56
17520 56
17732 56
17944 51
18156 49
18368 49
18584 48
18800 48
19012 48
19224 48
19436 48
19652 48
19868 48
20080 48
20292 49
20508 49
20720 56
20932 56
21148 56
21360 56
21576 60
21788 62
22000 63
22212 63
22428 67
22644 71
22856 71
23068 79
23280 81
23492 88
23712 92
23924 96
24136 97
24348 103
24560 110
24780 112
24992 120
25204 124
25416 127
25636 127
25848 135
26060 143
26272 152
26484 156
26704 159
26916 163
27128 167
27340 176
27552 184
27772 192
27984 192
28196 195
28408 199
28620 207
28840 216
29052 220
29264 224
29476 227
29696 231
29908 240
30120 248
30332 252
30544 255
30764 255
30976 255
31188 255
31400 271
31612 280
31828 280
32044 286
32256 287
32468 287
32680 295
32896 295
33112 304
33324 304
33536 305
33748 312
33964 312
34176 316
34392 316
34604 318
34820 319
35032 319
35244 319
35456 319
35672 319
35888 319
36100 319
36312 319
36524 319
36736 319
36956 319
37168 319
37380 318
37592 318
37804 316
38024 312
38236 312
38448 312
38660 304
38872 304
39092 295
39304 295
39516 287
39728 287
39948 287
40160 284
40372 280
40584 271
40796 255
41016 255
41228 255
41440 255
41652 252
41864 248
42084 241
42296 240
42508 231
42720 225
42932 224
43152 216
43364 207
43576 207
43788 199
44000 193
44220 192
44432 184
44644 177
44856 176
45072 167
45288 159
45500 158
45712 152
45924 143
46140 142
46356 127
46568 127
46780 127
46992 120
47208 115
47420 112
47636 103
47848 103
48060 97
48276 96
48488 88
48700 88
48916 79
49128 79
49344 71
49556 71
49768 63
49980 63
50200 63
50412 62
50624 60
50836 56
51048 56
51268 56
51480 51
51692 49
51904 49
52116 48
52336 48
52548 48
52760 48
52972 48
53184 48
53404 48
53616 48
53828 49
54040 49
54252 56
54472 56
4 207
216 199
436 195
648 192
860 188
1072 184
1284 176
1504 167
1716 159
1928 159
2140 152
2360 147
2572 143
2784 135
2996 127
3208 127
3428 124
3640 120
3852 112
4064 103
4276 103
4496 97
4708 96
4920 92
5132 88
5344 81
5564 79
5776 71
5988 71
6200 67
6412 63
6632 63
6844 63
7056 60
7268 56
7484 56
7700 56
7912 51
8124 49
8336 48
8552 48
8764 48
8980 48
9192 48
9404 48
9620 48
9832 48
10044 48
10260 48
10472 49
10688 51
10900 56
11112 56
11324 56
11540 60
11756 62
11968 63
12180 63
12392 63
12612 71
12824 71
13036 79
13248 79
13460 88
13680 88
13892 96
14104 96
14316 103
14528 103
14748 112
14960 120
15172 120
15384 127
15596 127
15816 135
16028 143
16240 147
16452 152
16672 159
16884 159
17096 167
17308 176
17520 179
17740 188
17952 192
18164 195
18376 199
18588 207
18808 216
19020 220
19232 224
19444 227
19656 231
19876 240
20088 248
20300 248
20512 254
20724 255
20940 255
21156 255
21368 271
21580 271
21796 280
22008 286
22224 287
22436 287
22648 295
22864 295
23076 304
23288 304
23504 305
23716 312
23932 312
24144 312
24356 316
24568 316
24784 318
25000 319
25212 319
25424 319
25636 319
25848 319
26068 319
26280 319
26492 319
26704 319
26924 319
27136 319
27348 319
27560 318
27772 316
27992 312
28204 312
28416 312
28628 305
28840 304
29060 302
29272 295
29484 295
29696 287
29908 287
30128 284
30340 280
30552 271
30764 255
30976 255
31196 255
31408 255
31620 254
31832 248
32052 243
32264 240
32476 231
32688 227
32900 224
33120 220
33332 216
33544 207
33756 199
33968 195
34184 192
34400 184
34612 179
34824 176
35036 167
35252 159
35464 159
35680 152
35892 152
36104 143
36320 135
36532 127
36744 127
36960 124
37176 120
37388 112
37600 103
37812 103
38024 97
38244 96
38456 92
38668 88
38880 79
39092 79
39312 71
39524 71
39736 67
39948 63
40160 63
40380 62
40592 60
40804 56
41016 56
41228 56
41448 56
41660 49
41872 48
42084 48
42304 48
42516 48
42728 48
42940 48
43152 48
43372 48
43584 48
43796 48
44008 49
44220 51
44440 56
44652 56
44864 56
45076 60
45288 62
45508 63
45720 63
45932 63
46144 71
46356 71
46576 79
46788 81
47000 88
47212 92
47428 96
47644 97
47856 103
48068 103
48280 112
48496 120
48708 124
48924 127
49136 127
49348 135
49564 143
49776 152
49988 152
50204 159
50416 159
50632 167
50844 176
51056 184
51268 188
51488 192
51700 195
51912 199
52124 207
52336 216
52556 220
52768 224
52980 227
53192 231
53404 240
53624 248
53836 248
54048 254
54260 255
54472 255
8 319
220 319
432 319
644 316
860 316
1076 312
1288 312
1500 305
1712 304
1928 304
2140 295
2356 295
2568 287
2780 287
2996 286
3208 280
3420 280
3636 271
3848 255
4064 255
4276 255
4488 255
4700 248
4920 248
5132 240
5344 231
5556 227
5768 224
5988 220
6200 216
6412 207
6624 199
6836 195
7056 192
7268 192
7480 184
7692 176
7904 167
8124 163
8336 159
8548 152
8760 147
8972 143
9192 135
9404 127
9616 127
9828 124
10048 120
10260 112
10472 103
10684 103
10896 97
11116 96
11328 92
11540 88
11752 83
11964 79
12184 78
12396 71
12608 67
12820 63
13032 63
13252 63
13464 60
13676 60
13888 56
14104 56
14320 51
14532 49
14744 49
14956 48
15172 48
15384 48
15600 48
15812 48
16024 48
16240 48
16452 48
16664 48
16880 49
17092 51
17308 56
17520 56
17732 56
17944 60
18160 62
18376 63
18588 63
18800 63
19012 71
19232 71
19444 79
19656 79
19868 88
20080 92
20300 96
20512 97
20724 103
20936 103
21148 112
21368 115
21580 120
21792 126
22004 127
22216 127
22436 142
22648 143
22860 152
23072 158
23284 159
23504 167
23716 176
23928 177
24140 184
24360 192
24572 195
24784 199
24996 207
25208 207
25428 216
25640 224
25852 225
26064 231
26276 240
26496 241
26708 248
26920 254
27132 255
27344 255
27560 255
27776 255
27988 271
28200 280
28412 284
28628 287
28844 287
29056 295
29268 295
29484 304
29696 304
29908 305
30120 312
30336 312
30552 312
30764 316
30976 318
31188 319
31400 319
31620 319
31832 319
32044 319
32256 319
32468 319
32688 319
32900 319
33112 319
33324 319
33536 319
33756 319
33968 318
34180 316
34392 316
34612 312
34824 312
35036 305
35248 304
35460 304
35680 295
35892 291
36104 287
36316 287
36528 284
36748 280
36960 271
37172 255
37384 255
37596 255
37816 255
38028 254
38240 248
38452 248
38664 240
38884 231
39096 227
39308 224
39520 220
39736 216
39952 207
40164 199
40376 195
40588 192
40804 192
41020 184
41232 176
41444 167
41656 163
41872 159
42084 156
42300 152
42512 143
42724 135
42940 127
43152 127
43364 124
43580 120
43792 112
44008 103
44220 103
44432 97
44644 96
44864 92
45076 88
45288 81
45500 79
45712 71
45932 71
46144 67
46356 63
46568 63
46780 62
47000 60
47212 56
47424 56
47636 56
47848 56
48068 49
48280 48
48492 48
48704 48
48924 48
49136 48
49348 48
49560 48
49772 48
49992 48
50204 48
50416 49
50628 51
50840 56
51060 56
51272 56
51484 60
51696 62
51908 63
52128 63
52340 63
52552 71
52764 71
52976 79
53196 79
53408 88
53620 92
53832 96
54048 96
54264 103
54476 103
4 238
216 240
436 248
648 252
860 255
1072 255
1284 255
1504 255
1716 271
1928 280
2140 284
2360 287
2572 287
2784 287
2996 295
3208 300
3428 304
3640 304
3852 312
4064 312
4276 312
4496 316
4708 316
4920 316
5132 318
5344 319
5564 319
5776 319
5988 319
6200 319
6412 319
6632 319
6844 319
7056 319
7268 319
7484 319
7700 318
7912 316
8124 316
8336 312
8552 312
8764 305
8980 304
9192 302
9404 295
9620 287
9832 287
10044 287
10260 284
10472 280
10688 280
10900 271
11112 255
11324 255
11540 255
11756 255
11968 252
12180 248
12392 240
12612 231
12824 227
13036 224
13248 224
13460 216
13680 207
13892 199
14104 199
14316 192
14528 192
14748 184
14960 176
15172 167
15384 163
15596 159
15816 156
16028 152
16240 143
16452 135
16664 127
16884 127
17096 124
17308 120
17520 113
17736 112
17948 103
18164 99
18376 96
18588 92
18804 88
19016 83
19228 79
19444 78
19656 71
19872 71
20084 63
20296 63
20508 63
20724 62
20940 60
21152 56
21364 56
21576 56
21796 49
22008 49
22220 49
22432 48
22644 48
22864 48
23076 48
23288 48
23500 48
23712 48
23932 48
24144 49
24356 49
24568 56
24780 56
25000 56
25212 60
25424 62
25636 63
25848 63
26068 63
26280 71
26492 71
26704 79
26924 79
27136 88
27348 88
27560 92
27772 96
27992 99
28204 103
28416 112
28628 113
28840 120
29056 126
29272 127
29484 127
29696 142
29908 143
30124 152
30340 156
30552 159
30764 167
30976 174
31192 177
31404 184
31620 192
31832 193
32048 199
32260 207
32472 207
32684 216
32900 224
33116 225
33328 231
33540 240
33752 240
33964 248
34184 252
34396 255
34608 255
34820 255
35032 255
35252 271
35464 280
35676 280
35888 286
36100 287
36320 287
36532 295
36744 295
36956 304
37176 304
37388 312
37600 312
37812 312
38024 316
38244 318
38456 319
38668 319
38880 319
39092 319
39312 319
39524 319
39736 319
39948 319
40160 319
40380 319
40592 319
40804 319
41016 319
41228 318
41448 316
41660 312
41872 312
42084 312
42300 305
42516 304
42728 304
42940 295
43152 295
43368 287
43584 287
43796 286
44008 280
44220 280
44436 271
44648 255
44864 255
45076 255
45288 255
45504 252
45716 248
45928 240
46144 231
46356 227
46572 224
46784 224
46996 216
47208 207
47428 199
47640 199
47852 192
48064 192
48276 184
48496 176
48708 167
48920 163
49132 159
49344 156
49564 152
49776 143
49988 135
50200 127
50412 127
50632 124
50844 120
51056 113
51268 112
51480 103
51700 99
51912 96
52124 92
52336 88
52552 83
52768 79
52980 78
53192 71
53404 71
53620 63
53832 63
54048 63
54260 62
54472 60
4 49
216 51
436 56
648 56
860 56
1072 60
1284 62
1504 63
1716 63
1928 63
2140 71
2360 71
2572 79
2784 79
2996 88
3208 92
3428 96
3640 97
3852 103
4064 103
4276 112
4496 120
4708 124
4920 127
5132 127
5344 135
5564 143
5776 147
5988 152
6200 159
6412 159
6632 167
6844 176
7056 179
7268 188
7484 192
7700 195
7912 199
8124 207
8336 216
8552 220
8768 224
8980 227
9192 231
9404 240
9620 243
9832 248
10048 254
10260 255
10472 255
10688 255
10900 255
11112 271
11328 280
11540 284
11756 287
11968 287
12180 295
12392 295
12612 302
12824 304
13036 305
13248 312
13460 312
13680 312
13892 316
14104 318
14316 319
14528 319
14748 319
14960 319
15172 319
15384 319
15596 319
15816 319
16028 319
16240 319
16452 319
16664 319
16884 319
17096 318
17308 316
17520 312
17740 312
17952 312
18164 304
18376 304
18588 302
18808 295
19020 291
19232 287
19444 287
19656 286
19876 280
20088 271
20300 255
20512 255
20724 255
20944 255
21156 254
21368 248
21580 243
21792 240
22008 231
22224 227
22436 224
22648 220
22864 216
23076 207
23292 199
23504 195
23716 192
23932 188
24144 184
24356 176
24572 167
24784 159
25000 159
25212 152
25424 147
25636 143
25852 135
26068 127
26280 127
26492 124
26704 120
26916 112
27136 110
27348 103
27560 97
27772 96
27992 92
28204 88
28416 81
28628 79
28840 71
29060 71
29272 67
29484 63
29696 63
29908 62
30128 60
30340 56
30552 56
30764 56
30976 56
31192 49
31408 49
31620 48
31832 48
32044 48
32260 48
32472 48
32688 48
32900 48
33116 48
33328 49
33540 49
33752 51
33968 56
34184 56
34396 56
34608 60
34820 63
35032 63
35252 63
35464 63
35676 71
35888 71
36100 79
36320 79
36532 88
36744 92
36956 96
37176 97
37388 103
37600 103
37812 112
38024 120
38244 120
38456 127
38668 127
38880 135
39092 142
39312 145
39524 152
39736 159
39948 159
40160 167
40380 176
40592 184
40804 184
41016 192
41228 195
41448 199
41660 207
41872 216
42084 220
42304 224
42516 227
42728 231
42940 240
43152 248
43368 248
43584 255
43796 255
44008 255
44220 255
44436 271
44652 271
44864 280
45076 286
45288 287
45504 287
45716 291
45932 295
46144 295
46356 304
46572 304
46784 312
46996 312
47212 312
47428 316
47640 318
47852 319
48064 319
48276 319
48496 319
48708 319
48920 319
49132 319
49344 319
49564 319
49776 319
49988 319
50200 319
50412 318
50632 316
50844 316
51056 312
51268 312
51480 312
51700 304
51912 304
52124 300
52336 295
52556 291
52768 287
52980 287
53192 284
53404 280
53624 271
53836 271
54048 255
54260 255
54472 255
4 255
216 255
436 255
648 255
860 252
1072 248
1284 241
1504 240
1716 231
1928 225
2140 224
2352 216
2572 207
2784 207
2996 199
3208 193
3420 192
3640 184
3852 177
4064 176
4276 167
4492 159
4708 156
4920 152
5132 143
5344 142
5560 127
5776 127
5988 126
6200 120
6412 120
6628 112
6840 103
7056 99
7268 97
7480 96
7696 89
7908 88
8120 79
8336 79
8548 71
8764 71
8976 63
9188 63
9400 63
9620 62
9832 60
10044 56
10256 56
10468 56
10688 51
10900 49
11112 48
11324 48
11536 48
11756 48
11968 48
12180 48
12392 48
12604 48
12824 48
13036 49
13248 49
13460 56
13672 56
13892 56
14104 56
14316 60
14528 63
14744 63
14960 63
15172 67
15384 71
15596 78
15812 79
16024 83
16240 88
16452 92
16664 96
16880 99
17092 103
17304 112
17520 113
17732 120
17948 124
18160 127
18372 127
18584 135
18804 143
19016 152
19228 156
19440 159
19652 163
19872 167
20084 176
20296 184
20508 192
20720 192
20940 199
21152 199
21364 207
21576 216
21788 220
22008 224
22220 227
22432 231
22644 240
22856 248
23076 252
23288 255
23500 255
23712 255
23932 255
24144 271
24356 280
24568 280
24780 286
25000 287
25212 287
25424 295
25636 295
25848 304
26068 304
26280 307
26492 312
26704 312
26916 316
27136 316
27348 319
27560 319
27772 319
27984 319
28200 319
28416 319
28628 319
28840 319
29056 319
29268 319
29484 319
29696 319
29908 318
30124 316
30336 316
30548 312
30764 312
30976 312
31192 307
31404 304
31616 304
31828 295
32044 295
32260 287
32472 287
32684 287
32896 284
33108 280
33328 271
33540 255
33752 255
33964 255
34184 255
34396 252
34608 248
34820 241
35032 238
35252 231
35464 225
35676 224
35888 216
36100 211
36320 206
36532 199
36744 193
36956 192
37168 184
37388 177
37600 176
37812 167
38024 159
38236 158
38456 152
38668 143
38880 142
39092 127
39312 127
39524 127
39736 120
39948 115
40160 112
40376 103
40592 103
40804 96
41016 96
41228 92
41444 88
41660 79
41872 79
42084 71
42296 71
42512 63
42724 63
42940 63
43152 62
43364 60
43580 56
43792 56
44004 56
44216 49
44436 48
44648 48
44860 48
45072 48
45284 48
45504 48
45716 48
45928 48
46140 48
46352 48
46568 49
46784 49
46996 56
47208 56
47420 56
47636 56
47848 60
48064 63
48276 63
48488 63
48704 67
48916 71
49128 78
49344 79
49560 83
49772 88
49984 92
50196 96
50408 99
50628 103
50840 112
51052 112
51264 120
51476 124
51696 127
51908 127
52120 135
52332 143
52544 152
52764 156
52976 159
53188 163
53400 167
53620 176
53832 184
54044 192
54256 192
54468 195
4 255
216 255
432 255
644 255
856 271
1072 280
1284 284
1496 287
1712 287
1928 291
2140 295
2352 300
2564 304
2776 304
2996 312
3208 312
3420 312
3632 316
3844 318
4064 319
4276 319
4488 319
4700 319
4912 319
5132 319
5344 319
5556 319
5768 319
5980 319
6200 319
6412 319
6624 319
6836 318
7056 316
7268 316
7480 312
7692 312
7904 305
8124 304
8336 304
8548 295
8760 295
8972 287
9192 287
9404 286
9616 280
9828 280
10040 271
10260 255
10472 255
10684 255
10896 255
11108 248
11328 243
11540 240
11752 231
11964 225
12180 224
12396 216
12608 216
12820 207
13032 199
13248 195
13460 192
13676 188
13888 179
14100 176
14316 167
14528 159
14740 159
14956 152
15168 147
15384 143
15596 135
15808 127
16020 127
16236 124
16452 120
16664 112
16876 103
17088 103
17308 97
17520 96
17732 92
17944 88
18156 81
18376 79
18588 71
18800 71
19012 63
19224 63
19444 63
19656 62
19868 60
20080 56
20292 56
20512 56
20724 56
20936 49
21148 49
21360 48
21580 48
21792 48
22004 48
22216 48
22436 48
22648 48
22860 48
23072 48
23284 49
23504 51
23716 56
23928 56
24140 56
24352 60
24572 62
24784 63
24996 63
25208 63
25420 71
25636 71
25852 79
26064 79
26276 88
26488 88
26704 96
26916 97
27128 99
27340 103
27560 112
27772 120
27984 120
28196 127
28408 127
28628 127
28840 142
29052 143
29264 152
29476 158
29696 159
29908 167
30120 176
30332 177
30544 184
30760 192
30976 195
31188 199
31400 207
31612 211
31828 216
32044 224
32256 225
32468 231
32684 240
32896 241
33108 248
33324 254
33536 255
33752 255
33964 255
34176 255
34388 271
34604 280
34820 284
35032 287
35244 287
35456 291
35668 295
35888 302
36100 304
36312 304
36524 312
36744 312
36956 312
37168 316
37380 318
37592 319
37812 319
38024 319
38236 319
38448 319
38660 319
38880 319
39092 319
39304 319
39516 319
39728 319
39948 319
40160 319
40372 318
40584 316
40796 316
41016 312
41228 312
41440 305
41652 304
41872 304
42084 295
42296 295
42508 287
42720 287
42936 286
43152 280
43364 280
43576 271
43788 255
44004 255
44220 255
44432 252
44644 248
44856 241
45072 240
45284 231
45500 227
45712 224
45924 220
46140 216
46352 207
46564 199
46780 195
46996 192
47208 192
47420 184
47632 176
47844 167
48064 163
48276 159
48488 156
48700 152
48912 143
49132 135
49344 127
49556 127
49768 124
49980 120
50200 112
50412 110
50624 103
50836 99
51048 96
51268 92
51480 88
51692 83
51904 79
52124 78
52336 71
52548 67
52760 63
52972 63
53192 63
53404 60
53616 60
53828 56
54040 56
54260 56
54472 49
8 71
220 63
432 63
644 63
856 62
1072 60
1288 56
1500 56
1712 56
1924 51
2140 49
2352 48
2568 48
2780 48
2992 48
3208 48
3420 48
3632 48
3848 48
4064 48
4276 49
4488 49
4700 51
4912 56
5132 56
5344 56
5556 60
5768 63
5980 63
6200 63
6412 71
6624 71
6836 78
7048 79
7268 83
7480 88
7692 92
7904 96
8116 99
8336 103
8548 110
8760 113
8972 120
9192 124
9404 127
9616 127
9828 135
10040 143
10260 152
10472 156
10684 159
10896 163
11108 167
11328 176
11540 184
11752 192
11964 192
12176 199
12396 199
12608 207
12820 216
13032 224
13244 224
13464 227
13676 231
13888 240
14100 248
14316 252
14532 255
14744 255
14956 255
15168 255
15384 271
15596 280
15812 280
16024 286
16236 287
16452 287
16664 295
16876 295
17092 304
17304 304
17520 305
17732 312
17944 312
18156 316
18372 316
18588 319
18800 319
19012 319
19224 319
19444 319
19656 319
19868 319
20080 319
20292 319
20512 319
20724 319
20936 319
21148 319
21360 319
21580 318
21792 316
22004 312
22216 312
22428 312
22648 304
22860 304
23072 295
23284 295
23496 287
23716 287
23928 287
24140 284
24352 280
24572 271
24784 255
24996 255
25208 255
25420 255
25640 252
25852 248
26064 240
26276 238
26488 231
26708 225
26920 224
27132 216
27344 207
27556 207
27772 199
27988 193
28200 192
28412 184
28624 177
28840 174
29052 167
29264 159
29476 158
29696 152
29908 143
30120 142
30332 127
30544 127
30764 126
30976 120
31188 115
31400 112
31612 103
31832 103
32044 96
32256 96
32468 92
32680 88
32896 79
33112 79
33324 71
33536 71
33748 63
33964 63
34180 63
34392 62
34604 60
34820 56
35032 56
35244 56
35460 51
35672 49
35888 48
36100 48
36312 48
36524 48
36740 48
36956 48
37168 48
37380 48
37592 48
37804 49
38024 49
38236 56
38448 56
38660 56
38880 60
39092 60
39304 63
39516 63
39728 63
39948 71
40160 71
40372 78
40584 79
40796 83
41016 88
41228 92
41440 96
41652 97
41864 103
42084 110
42296 112
42508 120
42720 124
42932 127
43152 127
43364 135
43576 143
43788 152
44008 156
44220 159
44432 163
44644 167
44856 176
45072 184
45288 192
45500 192
45712 199
45924 199
46140 207
46356 216
46568 224
46780 224
46992 227
47208 231
47420 240
47636 248
47848 252
48060 255
48276 255
48488 255
48700 255
48916 271
49132 280
49344 280
49556 286
49768 287
49980 287
50200 295
50412 295
50624 304
50836 304
51048 312
51268 312
51480 312
51692 316
51904 318
52116 319
52336 319
52548 319
52760 319
52972 319
53184 319
53404 319
53616 319
53828 319
54040 319
54260 319
54472 319
4 112
220 103
436 103
648 97
860 96
1072 92
1288 88
1504 81
1716 79
1928 71
2140 71
2352 67
2572 63
2784 63
2996 63
3208 60
3420 60
3640 56
3852 56
4064 51
4276 51
4496 48
4708 48
4920 48
5132 48
5344 48
5564 48
5776 48
5988 48
6200 48
6412 48
6632 49
6844 51
7056 56
7268 56
7480 56
7700 60
7912 62
8124 63
8336 63
8548 63
8768 71
8980 71
9192 79
9404 79
9624 88
9836 92
10048 96
10260 97
10472 103
10688 103
10904 112
11116 120
11328 124
11540 127
11756 127
11972 135
12184 143
12396 145
12608 152
12824 159
13036 159
13252 167
13464 176
13676 184
13892 188
14104 192
14316 195
14532 199
14748 207
14960 216
15172 220
15384 224
15596 227
15816 231
16028 240
16240 248
16452 248
16664 254
16884 255
17096 255
17308 255
17520 255
17732 271
17952 280
18164 284
18376 287
18588 287
18800 295
19020 295
19232 300
19444 304
19656 304
19876 305
20088 312
20300 312
20512 316
20724 316
20944 319
21156 319
21368 319
21580 319
21792 319
22012 319
22224 319
22436 319
22648 319
22860 319
23080 319
23292 319
23504 319
23716 318
23932 316
24148 316
24360 312
24572 312
24784 305
25000 304
25216 304
25428 295
25640 295
25852 287
26068 287
26280 284
26496 280
26708 275
26920 271
27136 255
27348 255
27560 255
27776 254
27988 248
28204 241
28416 240
28628 231
28840 227
29060 224
29272 220
29484 211
29696 207
29908 199
30128 193
30340 192
30552 184
30764 177
30976 176
31196 167
31408 159
31620 159
31832 152
32044 147
32264 143
32476 135
32688 127
32900 127
33112 124
33332 120
33544 112
33756 103
33968 103
34188 97
34400 96
34612 92
34824 88
35036 79
35256 79
35468 71
35680 71
35892 63
36104 63
36324 63
36536 62
36748 60
36960 56
37172 56
37388 56
37604 56
37816 49
38028 49
38240 48
38456 48
38672 48
38884 48
39096 48
39312 48
39524 48
39736 48
39952 48
40164 49
40380 51
40592 56
40804 56
41016 56
41232 60
41448 62
41660 63
41872 63
42084 63
42296 71
42516 71
42728 79
42940 81
43152 88
43364 92
43584 96
43796 97
44008 103
44220 103
44440 112
44652 120
44864 124
45076 127
45288 127
45508 135
45720 143
45932 145
46144 152
46356 159
46576 159
46788 167
47000 176
47212 179
47424 188
47644 192
47856 195
48068 199
48280 207
48492 216
48712 220
48924 224
49136 227
49348 231
49568 240
49780 243
49992 248
50204 254
50416 255
50632 255
50848 255
51060 255
51272 275
51484 280
51700 284
51916 287
52128 287
52340 295
52552 295
52768 304
52980 304
53196 305
53408 312
53620 312
53836 316
54048 316
54260 318
54476 319
