4 110
216 99
428 96
640 88
852 79
1072 78
1284 71
1496 63
1708 63
1920 62
2140 56
2352 56
2564 56
2776 51
2996 49
3208 49
3420 51
3632 56
3844 56
4064 56
4276 60
4488 63
4700 63
4912 71
5132 78
5344 79
5556 88
5768 96
5980 99
6196 112
6412 120
6624 126
6836 127
7048 143
7264 152
7480 159
7692 167
7904 176
8120 184
8332 192
8544 199
8760 207
8972 224
9188 227
9400 240
9612 248
9824 254
10040 255
10256 255
10468 271
10680 284
10892 287
11104 291
11324 295
11536 304
11748 307
11960 312
12180 316
12392 316
12604 319
12816 319
13028 319
13248 319
13460 319
13672 316
13884 316
14096 312
14316 307
14528 304
14740 295
14952 291
15164 287
15384 284
15596 280
15808 255
16020 255
16232 255
16452 248
16664 240
16876 231
17088 224
17308 216
17520 206
17732 195
17944 192
18156 177
18376 167
18588 159
18800 152
19012 143
19224 127
19440 127
19656 120
19868 112
20080 103
20292 96
20508 88
20724 81
20936 79
21148 71
21360 63
21576 63
21788 62
22004 60
22216 56
22432 56
22644 49
22856 51
23068 49
23284 49
23500 56
23712 56
23924 56
24136 60
24348 63
24568 63
24780 71
24992 71
25204 79
25416 88
25636 96
25848 99
26060 103
26272 113
26484 124
26704 127
26916 135
27128 152
27340 158
27560 163
27772 176
27984 184
28196 192
28408 199
28628 207
28840 220
29052 227
29264 240
29476 248
29696 254
29908 255
30120 255
30332 271
30544 280
30764 287
30976 287
31188 295
31400 304
31612 305
31832 312
32044 312
32256 316
32468 318
32684 319
32900 319
33112 319
33324 319
33536 318
33752 316
33968 312
34180 312
34392 304
34604 302
34820 295
35032 287
35248 284
35460 280
35672 255
35888 255
36100 255
36312 248
36524 240
36740 231
36956 224
37168 216
37380 207
37592 195
37812 192
38024 184
38236 167
38448 159
38660 156
38880 143
39092 127
39304 127
39516 120
39728 112
39948 103
40160 96
40372 92
40584 88
40796 79
41016 71
41228 63
41440 63
41652 62
41864 60
42084 56
42296 56
42508 56
42720 49
42936 49
43148 49
43364 56
43576 56
43788 56
44004 60
44216 62
44428 63
44644 67
44856 71
45072 79
45284 88
45496 92
45708 97
45924 103
46140 112
46352 124
46564 127
46776 135
46996 143
47208 156
47420 163
47632 176
47844 184
48064 192
48276 199
48488 207
48700 220
48912 225
49132 231
49344 241
49556 252
49768 255
49980 255
50200 271
50412 280
50624 284
50836 287
51048 295
51268 295
51480 304
51692 312
51904 312
52124 316
52336 318
52548 319
52760 319
52972 319
53192 319
53404 318
53616 316
53828 312
54040 312
54260 304
54472 304
4 312
216 316
436 318
648 319
860 319
1072 319
1288 319
1504 318
1716 316
1928 312
2140 312
2356 305
2568 304
2784 295
2996 287
3208 287
3424 280
3636 271
3848 255
4064 255
4276 254
4492 248
4704 240
4916 227
5128 224
5344 211
5560 199
5772 192
5984 184
6196 176
6416 163
6628 159
6840 152
7052 135
7264 127
7484 124
7696 115
7908 103
8120 99
8332 96
8552 88
8764 79
8976 71
9188 71
9400 63
9620 63
9832 60
10044 56
10256 56
10468 56
10688 51
10900 49
11112 49
11324 51
11544 56
11756 56
11968 56
12180 62
12392 63
12612 63
12824 71
13036 79
13248 81
13460 88
13680 96
13892 103
14104 112
14316 120
14528 127
14744 127
14960 143
15172 152
15384 159
15596 167
15812 177
16028 192
16240 195
16452 206
16668 216
16880 224
17092 231
17308 240
17520 248
17736 255
17948 255
18160 255
18372 280
18588 284
18804 287
19016 295
19228 295
19440 304
19652 312
19872 312
20084 316
20296 316
20508 318
20720 318
20940 318
21152 316
21364 316
21576 316
21796 312
22008 312
22220 305
22432 304
22644 295
22864 291
23076 287
23288 280
23500 271
23712 255
23932 255
24144 254
24356 248
24568 240
24780 227
25000 224
25212 216
25424 199
25636 193
25856 192
26068 176
26280 167
26492 159
26704 152
26920 143
27136 127
27348 126
27560 120
27772 112
27988 103
28204 96
28416 88
28628 81
28840 78
29056 71
29268 63
29484 63
29696 60
29908 56
30124 56
30336 56
30548 51
30764 49
30980 49
31192 49
31404 56
31616 56
31828 56
32048 60
32260 63
32472 63
32684 71
32896 78
33116 79
33328 88
33540 96
33752 99
33964 110
34184 120
34396 126
34608 127
34820 142
35032 152
35252 159
35464 167
35676 176
35888 188
36108 193
36320 199
36532 216
36744 224
36956 227
37176 240
37388 248
37600 255
37812 255
38024 255
38244 275
38456 284
38668 287
38880 291
39092 295
39312 304
39524 312
39736 312
39948 316
40160 318
40380 319
40592 319
40804 319
41016 319
41232 318
41448 318
41660 316
41872 312
42084 312
42300 304
42512 295
42728 295
42940 287
43152 284
43368 280
43580 255
43792 255
44008 255
44220 248
44436 240
44648 231
44860 224
45072 216
45288 207
45504 195
45716 192
45928 179
46140 167
46360 159
46572 152
46784 143
46996 127
47208 127
47428 120
47640 112
47852 103
48064 96
48276 92
48496 83
48708 79
48920 71
49132 63
49344 63
49564 62
49776 60
49988 56
50200 56
50412 51
50632 49
50844 49
51056 49
51268 51
51488 56
51700 56
51912 60
52124 63
52336 63
52556 67
52768 71
52980 79
53192 88
53404 96
53624 97
53836 103
54048 113
54260 124
54472 127
4 71
216 79
428 88
648 96
860 99
1072 110
1284 115
1496 124
1716 127
1928 142
2140 152
2352 159
2564 167
2784 176
2996 184
3208 192
3420 199
3632 207
3852 224
4064 227
4276 240
4488 248
4708 254
4920 255
5132 255
5344 271
5556 284
5776 287
5988 287
6200 295
6412 304
6624 305
6844 312
7056 316
7268 318
7480 319
7692 319
7912 319
8124 319
8336 319
8548 318
8760 316
8976 312
9192 312
9404 304
9616 300
9832 295
10044 287
10260 286
10472 280
10684 255
10900 255
11112 255
11324 248
11540 240
11752 231
11968 224
12180 216
12392 207
12604 195
12820 192
13036 179
13248 167
13460 159
13672 152
13884 143
14104 127
14316 127
14528 120
14740 112
14960 103
15172 96
15384 92
15596 88
15808 79
16028 71
16240 63
16452 63
16664 62
16876 60
17096 56
17308 56
17520 51
17732 49
17944 49
18160 51
18376 56
18588 56
18800 56
19012 60
19228 63
19444 63
19656 67
19868 71
20084 79
20296 88
20508 96
20724 97
20936 103
21152 113
21364 124
21576 127
21788 135
22004 143
22220 156
22432 163
22644 176
22856 184
23068 192
23288 199
23500 207
23712 220
23924 225
24144 231
24356 243
24568 252
24780 255
24992 255
25212 271
25424 280
25636 286
25848 287
26060 295
26280 304
26492 304
26704 312
26916 312
27128 316
27348 319
27560 319
27772 319
27984 319
28196 319
28416 318
28628 316
28840 312
29052 312
29272 305
29484 304
29696 295
29908 287
30120 286
30340 280
30552 271
30764 255
30976 255
31188 252
31404 241
31620 231
31832 225
32044 216
32256 207
32472 199
32688 192
32900 184
33112 167
33324 159
33540 156
33752 143
33968 135
34180 127
34396 120
34608 112
34820 103
35032 97
35248 96
35464 88
35676 79
35888 71
36100 71
36312 63
36532 63
36744 60
36956 56
37168 56
37380 56
37600 49
37812 49
38024 49
38236 51
38448 56
38668 56
38880 60
39092 62
39304 63
39524 63
39736 71
39948 79
40160 88
40372 92
40592 97
40804 103
41016 112
41228 120
41440 127
41660 135
41872 143
42084 152
42296 159
42508 167
42728 184
42940 192
43152 199
43364 207
43576 216
43796 224
44008 231
44220 240
44432 248
44648 255
44864 255
45076 271
45288 280
45500 286
45716 287
45932 295
46144 304
46356 304
46568 312
46784 312
46996 316
47208 318
47424 319
47636 319
47852 319
48064 319
48276 318
48488 316
48704 312
48920 312
49132 305
49344 304
49556 295
49776 287
49988 287
50200 280
50412 271
50624 255
50844 255
51056 254
51268 248
51480 238
51692 227
51912 224
52124 207
52336 199
52548 193
52760 184
52980 176
53192 163
53404 158
53616 152
53828 135
54048 127
54260 124
54472 115
4 79
216 78
432 71
648 63
860 63
1072 62
1284 56
1496 56
1716 56
1928 49
2140 49
2352 49
2564 51
2784 56
2996 56
3208 56
3420 60
3632 63
3852 63
4064 71
4276 78
4488 79
4708 88
4920 96
5132 99
5344 112
5556 120
5776 126
5988 127
6200 143
6412 152
6624 159
6844 167
7056 176
7268 192
7480 193
7692 199
7912 216
8124 224
8336 227
8548 240
8760 248
8976 255
9188 255
9400 255
9612 280
9832 284
10044 287
10256 291
10468 295
10680 304
10900 312
11112 312
11324 316
11536 318
11748 319
11968 319
12180 319
12392 319
12604 319
12816 318
13036 316
13248 312
13460 312
13672 304
13884 295
14104 295
14316 287
14528 284
14740 280
14956 255
15172 255
15384 255
15596 248
15808 240
16024 231
16236 224
16452 216
16664 206
16876 195
17092 192
17304 177
17516 167
17732 159
17944 152
18160 143
18372 127
18584 127
18796 120
19016 112
19228 103
19440 96
19652 92
19864 83
20084 79
20296 71
20508 63
20720 63
20932 62
21152 56
21364 56
21576 56
21788 49
22000 49
22220 49
22432 49
22644 51
22856 56
23068 56
23288 60
23500 63
23712 63
23924 71
24144 71
24356 79
24568 88
24780 96
24992 99
25212 103
25424 115
25636 124
25848 127
26060 135
26280 152
26492 158
26704 167
26916 176
27128 184
27348 192
27560 199
27772 207
27984 220
28196 227
28412 240
28628 248
28840 254
29052 255
29268 255
29480 271
29696 280
29908 287
30120 287
30336 295
30548 304
30760 305
30976 312
31188 312
31404 316
31616 318
31828 319
32040 319
32256 319
32472 319
32684 318
32896 316
33108 312
33320 312
33540 304
33752 295
33964 291
34176 287
34396 284
34608 275
34820 255
35032 255
35244 255
35464 248
35676 240
35888 231
36100 224
36312 216
36532 207
36744 199
36956 192
37168 184
37380 167
37600 159
37812 156
38024 143
38236 135
38448 127
38668 120
38880 112
39092 103
39304 96
39524 92
39736 88
39948 79
40160 71
40372 63
40592 63
40804 62
41016 60
41228 56
41440 56
41656 51
41872 49
42084 49
42296 49
42508 51
42724 56
42940 56
43152 60
43364 63
43576 63
43792 67
44004 71
44216 79
44428 88
44648 92
44860 97
45072 103
45284 112
45496 120
45716 127
45928 135
46140 143
46352 156
46564 159
46780 176
46996 184
47208 192
47420 199
47632 207
47848 220
48064 225
48276 231
48488 241
48700 252
48916 255
49128 255
49344 271
49556 280
49772 286
49984 287
50196 295
50408 304
50620 304
50840 312
51052 312
51264 316
51476 318
51688 319
51908 319
52120 319
52332 319
52544 318
52756 316
52976 312
53188 312
53400 304
53612 304
53832 295
54044 287
54256 287
54468 280
4 280
216 271
432 255
644 255
856 254
1072 248
1284 231
1496 227
1708 224
1928 207
2140 199
2352 192
2564 184
2776 176
2996 163
3208 158
3420 147
3632 135
3844 127
4064 124
4276 113
4488 103
4700 99
4912 96
5132 88
5344 79
5556 78
5768 71
5980 63
6200 63
6412 60
6624 56
6836 56
7056 56
7268 49
7480 49
7692 49
7904 51
8124 56
8336 56
8548 56
8760 62
8972 63
9192 63
9404 71
9616 79
9828 83
10040 92
10260 96
10472 103
10684 112
10896 120
11108 127
11324 127
11540 143
11752 152
11964 159
12180 167
12392 177
12608 192
12820 195
13032 206
13248 216
13460 224
13672 231
13888 240
14100 248
14316 255
14528 255
14740 255
14952 280
15168 284
15384 287
15596 295
15808 295
16020 304
16232 312
16452 312
16664 316
16876 318
17088 319
17308 319
17520 319
17732 319
17944 318
18156 316
18376 312
18588 312
18800 305
19012 304
19224 295
19444 291
19656 287
19868 284
20080 271
20292 255
20512 255
20724 255
20936 248
21148 240
21360 227
21580 224
21792 216
22004 199
22216 193
22436 188
22648 176
22860 167
23072 159
23284 152
23504 143
23716 127
23928 126
24140 120
24352 112
24568 103
24784 96
24996 88
25208 81
25420 78
25636 71
25852 63
26064 63
26276 62
26488 60
26704 56
26916 56
27132 51
27344 49
27560 49
27772 49
27984 56
28196 56
28412 56
28628 60
28840 63
29052 63
29264 71
29476 78
29696 79
29908 88
30120 96
30332 99
30544 112
30764 120
30976 124
31188 127
31400 135
31620 152
31832 159
32044 167
32256 176
32468 188
32688 193
32900 199
33112 211
33324 224
33536 227
33756 240
33968 248
34180 255
34392 255
34604 255
34824 271
35036 284
35248 287
35460 291
35672 295
35892 304
36104 307
36316 312
36528 316
36744 318
36960 319
37172 319
37384 319
37596 319
37812 319
38028 318
38240 316
38452 312
38664 312
38880 304
39092 300
39308 295
39520 287
39732 284
39948 280
40160 255
40372 255
40588 255
40800 248
41016 240
41228 231
41440 224
41652 216
41872 207
42084 195
42296 192
42508 177
42720 167
42940 159
43152 152
43364 143
43576 127
43788 127
44008 120
44220 112
44432 103
44644 96
44856 92
45076 88
45288 79
45500 71
45712 63
45924 63
46144 62
46356 60
46568 56
46780 56
47000 51
47212 49
47424 49
47636 51
47848 56
48068 56
48280 56
48492 60
48704 63
48916 63
49136 71
49348 71
49560 79
49772 88
49984 96
50204 99
50416 103
50628 113
50840 124
51052 127
51268 135
51484 152
51696 158
51908 163
52124 176
52336 184
52552 192
52764 199
52976 207
53192 220
53404 227
53616 236
53832 248
54044 254
54260 255
54472 255
4 176
216 184
436 192
648 199
860 207
1072 220
1292 225
1504 236
1716 243
1928 252
2140 255
2360 255
2572 271
2784 280
2996 287
3208 287
3428 295
3640 304
3852 305
4064 312
4276 312
4496 316
4708 319
4920 319
5132 319
5352 319
5564 319
5776 318
5988 316
6200 312
6420 312
6632 304
6844 302
7056 295
7268 287
7484 286
7700 280
7912 271
8124 255
8336 255
8552 248
8768 240
8980 231
9192 224
9404 216
9620 207
9832 199
10048 192
10260 184
10476 167
10688 159
10900 156
11112 143
11328 127
11544 127
11756 120
11968 112
12180 103
12392 97
12612 92
12824 88
13036 79
13248 71
13460 67
13680 63
13892 62
14104 60
14316 56
14528 56
14748 56
14960 49
15172 49
15384 51
15604 56
15816 56
16028 56
16240 60
16452 63
16672 63
16884 67
17096 71
17308 79
17520 88
17740 96
17952 97
18164 103
18376 113
18588 124
18808 127
19020 135
19232 147
19444 156
19656 163
19876 176
20088 184
20300 192
20512 199
20728 207
20944 220
21156 225
21368 231
21580 241
21796 252
22008 255
22224 255
22436 271
22648 280
22864 287
23076 287
23288 295
23504 304
23716 304
23932 312
24144 312
24356 316
24568 318
24784 319
25000 319
25212 319
25424 319
25636 318
25856 316
26068 312
26280 312
26492 304
26704 304
26924 295
27136 287
27348 287
27560 280
27772 271
27992 255
28204 255
28416 252
28628 243
28840 231
29060 225
29272 220
29484 207
29696 199
29908 192
30128 184
30340 176
30552 163
30764 156
30984 145
31196 135
31408 127
31620 124
31832 113
32052 103
32264 97
32476 96
32688 88
32900 79
33120 71
33332 71
33544 63
33756 63
33968 60
34184 56
34400 56
34612 51
34824 49
35040 49
35252 49
35468 51
35680 56
35892 56
36108 56
36320 62
36532 63
36748 63
36960 71
37176 79
37388 88
37600 92
37812 96
38028 103
38244 112
38456 120
38668 127
38880 127
39092 143
39312 156
39524 159
39736 167
39948 184
40168 192
40380 195
40592 207
40804 216
41016 224
41236 231
41448 240
41660 248
41872 255
42084 255
42304 255
42516 280
42728 284
42940 287
43152 295
43372 295
43584 304
43796 312
44008 312
44220 316
44440 318
44652 319
44864 319
45076 319
45296 319
45508 318
45720 316
45932 312
46144 312
46364 305
46576 304
46788 295
47000 287
47212 287
47428 280
47644 271
47856 255
48068 255
48280 254
48496 248
48712 240
48924 227
49136 224
49348 211
49564 199
49776 192
49992 184
50204 176
50420 167
50632 159
50844 152
51056 142
51272 127
51488 126
51700 115
51912 110
52124 99
52336 96
52556 88
52768 79
52980 78
53192 71
53404 63
53624 63
53836 60
54048 56
54260 56
54472 56
4 255
216 255
432 255
648 248
860 240
1072 231
1284 224
1500 216
1716 206
1928 195
2140 192
2352 177
2568 167
2780 159
2992 152
3204 143
3424 127
3636 127
3848 120
4060 112
4272 103
4492 96
4704 92
4916 83
5128 79
5340 71
5556 63
5772 63
5984 62
6196 60
6408 56
6624 56
6840 51
7052 49
7264 49
7476 49
7692 51
7904 56
8120 56
8332 60
8548 63
8760 63
8972 71
9184 71
9400 79
9616 88
9828 96
10040 99
10252 103
10464 115
10684 124
10896 127
11108 135
11320 152
11532 158
11752 167
11964 176
12176 184
12388 193
12608 199
12820 207
13032 224
13244 227
13456 240
13676 248
13888 254
14100 255
14312 255
14524 271
14744 280
14956 287
15168 287
15380 295
15592 304
15812 305
16024 312
16236 316
16448 316
16660 318
16880 319
17092 319
17304 319
17516 319
17736 318
17948 316
18160 312
18372 312
18584 304
18800 300
19016 295
19228 287
19440 286
19652 280
19868 255
20084 255
20296 255
20508 248
20720 240
20936 231
21148 224
21364 216
21576 207
21788 195
22004 192
22216 184
22428 167
22644 159
22860 156
23072 143
23284 135
23496 127
23708 120
23928 112
24140 103
24352 97
24564 92
24776 88
24996 79
25208 71
25420 63
25632 63
25844 62
26064 60
26276 56
26488 56
26700 51
26912 49
27132 49
27344 49
27556 56
27768 56
27988 56
28200 60
28412 62
28624 63
28836 67
29056 71
29268 79
29480 88
29692 92
29904 97
30124 103
30336 112
30548 120
30760 127
30972 135
31192 143
31404 156
31616 159
31828 176
32040 184
32256 192
32472 199
32684 207
32896 220
33112 225
33324 231
33540 241
33752 252
33964 255
34180 255
34392 271
34604 280
34820 287
35032 287
35248 295
35460 304
35672 305
35884 312
36100 312
36316 316
36528 319
36740 319
36952 319
37164 319
37384 319
37596 318
37808 316
38020 312
38240 312
38452 304
38664 304
38876 295
39088 287
39308 286
39520 280
39732 271
39944 255
40156 255
40376 252
40588 241
40800 231
41012 225
41224 220
41440 207
41656 199
41868 192
42080 184
42292 176
42508 163
42724 158
42936 145
43148 135
43364 127
43576 124
43788 113
44004 103
44216 99
44432 96
44644 88
44856 79
45068 71
45284 71
45500 63
45712 63
45924 60
46136 56
46348 56
46568 56
46780 49
46992 49
47204 51
47424 51
47636 56
47848 56
48060 56
48272 62
48492 63
48704 63
48916 71
49128 79
49340 83
49560 92
49772 96
49984 103
50196 112
50408 120
50628 127
50840 127
51052 143
51264 152
51476 159
51696 167
51908 179
52120 192
52332 195
52552 207
52764 216
52976 224
53188 231
53400 240
53620 248
53832 255
54044 255
54256 255
54468 280
4 167
216 176
428 192
640 193
860 199
1072 216
1284 224
1496 227
1716 240
1928 248
2140 255
2352 255
2564 255
2780 275
2996 284
3208 287
3420 295
3632 295
3848 304
4064 312
4276 312
4488 316
4700 318
4916 318
5128 319
5344 318
5556 318
5768 318
5984 316
6196 316
6408 312
6624 307
6840 304
7052 295
7264 291
7476 287
7688 284
7908 271
8120 255
8332 255
8544 255
8756 248
8976 240
9188 227
9400 224
9612 216
9824 199
10044 193
10256 188
10468 176
10680 167
10892 159
11112 152
11324 143
11536 127
11748 127
11968 120
12180 112
12392 99
12604 96
12816 88
13036 79
13248 78
13460 71
13672 63
13884 63
14104 62
14316 56
14528 56
14740 56
14952 51
15172 49
15384 49
15596 51
15808 56
16024 56
16240 56
16452 60
16664 63
16876 63
17092 71
17304 71
17520 81
17732 88
17944 96
18160 99
18372 112
18584 120
18800 126
19012 127
19228 142
19440 152
19652 159
19864 167
20080 176
20296 188
20508 193
20720 199
20932 216
21152 224
21364 231
21576 240
21788 248
22000 255
22220 255
22432 255
22644 271
22856 280
23068 287
23288 287
23500 295
23712 304
23924 305
24136 312
24356 312
24568 316
24780 318
24992 318
25204 319
25424 319
25636 318
25848 316
26060 316
26280 312
26492 312
26704 304
26916 295
27128 295
27348 287
27560 284
27772 280
27984 255
28196 255
28416 255
28628 248
28840 240
29052 231
29264 224
29480 216
29696 207
29908 195
30120 192
30332 177
30548 167
30764 159
30976 152
31188 143
31404 127
31616 127
31828 120
32044 112
32256 103
32472 96
32684 92
32896 83
33108 79
33324 71
33540 63
33752 63
33964 62
34176 60
34388 56
34608 56
34820 51
35032 49
35244 51
35456 49
35676 56
35888 56
36100 56
36312 60
36532 63
36744 63
36956 71
37168 71
37380 79
37600 88
37812 96
38024 99
38236 103
38448 113
38668 124
38880 127
39092 135
39304 147
39516 158
39736 163
39948 176
40160 184
40372 192
40584 199
40804 207
41016 220
41228 225
41440 231
41660 248
41872 252
42084 255
42296 255
42508 271
42724 280
42940 287
43152 287
43364 295
43576 304
43792 305
44008 312
44220 312
44432 316
44644 319
44860 319
45072 319
45288 319
45500 319
45712 318
45928 316
46140 312
46352 312
46568 304
46784 304
46996 295
47208 287
47420 286
47632 280
47852 271
48064 255
48276 255
48488 252
48700 241
48920 231
49132 224
49344 216
49556 207
49768 199
49988 192
50200 184
50412 174
50624 159
50844 152
51056 143
51268 127
51480 127
51692 120
51912 112
52124 103
52336 97
52548 92
52760 88
52980 79
53192 71
53404 63
53616 63
53828 62
54048 60
54260 56
54472 56
4 287
216 280
428 271
640 255
860 255
1072 252
1284 243
1496 238
1708 225
1928 220
2140 207
2352 199
2564 192
2776 184
2996 176
3208 163
3420 158
3632 147
3852 135
4064 127
4276 124
4488 113
4700 103
4920 99
5132 96
5344 88
5556 79
5768 71
5988 71
6200 63
6412 63
6624 60
6836 56
7056 56
7268 56
7480 49
7692 49
7904 49
8124 51
8336 56
8548 56
8760 56
8976 62
9192 63
9404 63
9616 71
9828 78
10044 83
10256 92
10472 96
10684 103
10896 112
11112 120
11324 127
11536 127
11752 143
11964 152
12180 159
12392 167
12604 177
12816 192
13032 195
13248 207
13460 216
13672 224
13884 231
14104 240
14316 248
14528 255
14740 255
14952 255
15172 280
15384 284
15596 287
15808 295
16020 300
16240 304
16452 312
16664 312
16876 316
17088 318
17308 319
17520 319
17732 319
17944 319
18156 319
18376 316
18588 316
18800 312
19012 305
19232 304
19444 295
19656 291
19868 287
20080 284
20300 271
20512 255
20724 255
20936 255
21148 248
21364 240
21580 227
21792 224
22004 216
22216 199
22432 193
22648 184
22860 176
23072 167
23284 159
23500 152
23712 142
23928 127
24140 126
24356 120
24568 110
24780 99
24992 96
25208 88
25424 79
25636 78
25848 71
26060 63
26272 63
26492 60
26704 56
26916 56
27128 56
27340 51
27560 49
27772 49
27984 51
28196 56
28408 56
28628 56
28840 60
29052 63
29264 63
29484 71
29696 78
29908 81
30120 88
30332 96
30552 99
30764 112
30976 120
31188 126
31400 127
31620 142
31832 152
32044 159
32256 167
32468 176
32688 188
32900 193
33112 199
33324 216
33544 224
33756 227
33968 240
34180 248
34392 255
34608 255
34824 255
35036 271
35248 284
35460 287
35676 291
35892 295
36104 304
36316 307
36528 312
36744 316
36956 318
37172 319
37384 319
37596 319
37812 319
38024 318
38236 318
38452 316
38668 312
38880 305
39092 304
39304 295
39516 287
39736 287
39948 284
40160 275
40372 255
40584 255
40804 255
41016 248
41228 240
41440 231
41652 224
41872 216
42084 207
42296 195
42508 192
42720 177
42940 167
43152 159
43364 152
43576 143
43796 127
44008 127
44220 120
44432 112
44644 103
44864 96
45076 92
45288 83
45500 79
45712 71
45932 63
46144 63
46356 62
46568 60
46780 56
47000 56
47212 51
47424 49
47636 49
47848 49
48068 51
48280 56
48492 56
48704 60
48920 63
49136 63
49348 71
49560 71
49772 79
49988 88
50200 96
50416 99
50628 103
50840 113
51056 124
51268 127
51480 135
51696 147
51908 158
52124 163
52336 176
52548 184
52760 192
52976 199
53192 207
53404 224
53616 227
53828 238
54048 248
54260 254
54472 255
4 103
224 113
436 120
648 127
860 135
1072 143
1292 156
1504 163
1716 176
1928 184
2140 192
2360 199
2572 207
2784 220
2996 224
3216 231
3428 241
3640 252
3852 255
4064 255
4284 271
4496 280
4708 287
4920 287
5132 295
5352 304
5564 305
5776 312
5988 312
6200 316
6420 319
6632 319
6844 319
7056 319
7268 319
7488 318
7700 316
7912 312
8124 312
8340 304
8556 304
8768 295
8980 287
9192 286
9408 280
9624 255
9836 255
10048 255
10260 248
10476 240
10688 231
10904 224
11116 216
11328 207
11544 199
11756 192
11968 184
12184 167
12396 159
12612 156
12824 143
13036 135
13248 127
13468 124
13680 112
13892 103
14104 99
14316 96
14536 88
14748 79
14960 71
15172 71
15384 63
15604 63
15816 60
16028 56
16240 56
16452 56
16672 49
16884 49
17096 49
17308 51
17528 56
17740 56
17952 60
18164 62
18376 63
18596 63
18808 71
19020 79
19232 88
19444 92
19664 97
19876 103
20088 112
20300 120
20512 127
20732 127
20944 143
21156 156
21368 159
21580 167
21800 184
22012 192
22224 199
22436 207
22652 216
22868 224
23080 231
23292 241
23504 248
23720 255
23932 255
24148 271
24360 280
24572 286
24788 287
25000 295
25212 304
25428 304
25640 312
25856 312
26068 316
26280 318
26492 319
26708 319
26924 319
27136 319
27348 318
27560 316
27780 312
27992 312
28204 305
28416 304
28628 295
28848 287
29060 287
29272 280
29484 271
29696 255
29916 255
30128 254
30340 248
30552 240
30764 227
30984 220
31196 207
31408 199
31620 192
31832 184
32052 176
32264 163
32476 158
32688 152
32908 135
33120 127
33332 124
33544 115
33756 103
33976 99
34188 96
34400 88
34612 79
34824 78
35044 71
35256 63
35468 63
35680 60
35892 56
36108 56
36324 51
36536 51
36748 49
36960 49
37176 49
37392 56
37604 56
37816 56
38032 62
38244 63
38456 63
38672 71
38884 78
39100 81
39312 92
39524 96
39736 103
39952 112
40168 120
40380 127
40592 127
40804 143
41016 152
41236 159
41448 167
41660 177
41872 192
42084 193
42304 199
42516 216
42728 224
42940 231
43160 240
43372 248
43584 255
43796 255
44008 255
44228 280
44440 284
44652 287
44864 295
45076 295
45292 304
45508 312
45720 312
45932 316
46144 318
46360 319
46576 319
46788 319
47000 319
47212 318
47428 316
47640 316
47852 312
48068 307
48284 304
48496 295
48708 291
48920 287
49132 284
49352 271
49564 255
49776 255
49988 255
50200 248
50420 240
50632 231
50844 224
51056 216
51268 199
51488 193
51700 192
51912 176
52124 167
52344 159
52556 152
52768 143
52980 127
53192 127
53412 120
53624 112
53836 103
54048 96
54260 92
54480 81
