4 192
220 195
432 195
644 199
856 199
1072 199
1288 199
1500 199
1712 199
1924 199
2136 199
2356 199
2568 199
2780 199
2992 199
3204 195
3424 193
3636 192
3848 192
4060 192
4280 184
4492 184
4704 176
4916 176
5128 167
5348 163
5560 159
5772 158
5984 152
6196 147
6416 143
6628 135
6840 127
7052 127
7264 126
7484 120
7696 115
7908 112
8120 103
8332 103
8548 97
8760 96
8972 96
9184 88
9404 88
9616 81
9828 79
10040 79
10252 71
10472 71
10684 71
10896 71
11108 67
11320 63
11536 63
11752 63
11964 63
12176 67
12388 71
12604 71
12820 71
13032 71
13244 79
13456 79
13672 81
13884 88
14100 88
14312 92
14528 96
14740 97
14952 103
15164 103
15380 112
15596 115
15808 120
16020 126
16232 127
16444 127
16664 135
16876 143
17088 147
17300 152
17512 158
17732 159
17944 163
18156 167
18368 176
18588 176
18800 184
19012 184
19224 192
19436 192
19656 192
19868 193
20080 195
20292 199
20504 199
20724 199
20936 199
21148 199
21360 199
21572 199
21792 199
22004 199
22216 199
22428 199
22640 199
22860 195
23072 195
23284 193
23496 192
23712 192
23928 184
24140 184
24352 177
24564 176
24780 167
24996 167
25208 159
25420 159
25632 156
25848 152
26060 143
26276 135
26488 127
26700 127
26916 127
27128 124
27340 120
27556 112
27768 110
27984 103
28196 99
28408 96
28620 96
28840 88
29052 88
29264 83
29476 79
29688 79
29908 78
30120 71
30332 71
30544 71
30756 71
30976 67
31188 67
31400 63
31612 67
31824 71
32044 71
32256 71
32468 71
32680 71
32892 78
33112 79
33324 79
33536 88
33748 88
33968 92
34180 96
34392 97
34604 99
34816 103
35036 112
35248 113
35460 120
35672 124
35884 127
36104 127
36316 135
36528 142
36740 143
36952 152
37172 156
37384 159
37596 159
37808 167
38020 167
38236 176
38452 179
38664 184
38876 188
39092 192
39304 192
39520 193
39732 195
39944 199
40160 199
40372 199
40584 199
40800 199
41012 199
41228 199
41440 199
41652 199
41864 199
42080 199
42296 199
42508 199
42720 195
42932 193
43144 192
43364 192
43576 192
43788 184
44000 179
44220 176
44432 167
44644 167
44856 159
45068 159
45288 156
45500 152
45712 143
45924 142
46136 127
46356 127
46568 127
46780 124
46992 120
47204 113
47420 112
47636 103
47848 99
48060 97
48272 96
48488 92
48704 88
48916 88
49128 79
49344 79
49556 78
49768 71
49984 71
50196 71
50412 71
50624 67
50836 67
51048 67
51264 67
51480 67
51692 71
51904 71
52116 71
52328 71
52548 78
52760 79
52972 79
53184 81
53404 88
53616 92
53828 96
54040 96
54252 99
54472 103
4 152
216 143
428 142
640 127
860 127
1072 127
1284 124
1496 120
1716 112
1928 112
2140 103
2352 99
2564 96
2784 96
2996 92
3208 88
3420 88
3632 79
3852 79
4064 78
4276 71
4488 71
4700 71
4920 71
5132 67
5344 67
5556 63
5768 67
5984 71
6200 71
6412 71
6624 71
6840 71
7052 78
7268 79
7480 79
7692 88
7908 88
8120 92
8332 96
8548 97
8760 99
8976 103
9188 112
9400 113
9612 120
9828 124
10044 127
10256 127
10468 135
10680 142
10892 143
11112 152
11324 156
11536 159
11748 159
11968 167
12180 167
12392 176
12604 177
12816 184
13036 188
13248 192
13460 192
13672 193
13884 195
14104 199
14316 199
14528 199
14740 199
14952 199
15172 199
15384 199
15596 199
15808 199
16020 199
16236 199
16448 199
16660 199
16872 195
17092 193
17304 192
17516 192
17728 192
17940 184
18160 179
18372 176
18584 174
18796 167
19008 163
19224 159
19440 156
19652 152
19864 143
20076 143
20292 135
20508 127
20720 127
20932 126
21144 120
21360 113
21572 112
21788 103
22000 103
22216 97
22428 96
22640 92
22852 88
23068 88
23284 79
23496 79
23708 78
23920 71
24132 71
24352 71
24564 71
24776 67
24988 67
25200 63
25420 67
25632 67
25844 71
26056 71
26276 71
26488 71
26700 71
26912 79
27124 79
27344 83
27556 88
27768 92
27980 96
28192 96
28412 99
28624 103
28836 103
29048 112
29260 120
29480 120
29692 126
29904 127
30116 127
30328 135
30548 143
30760 152
30972 152
31184 158
31404 159
31616 167
31828 167
32040 176
32252 176
32468 184
32684 184
32896 192
33108 192
33320 192
33536 195
33752 195
33964 199
34176 199
34388 199
34604 199
34816 199
35032 199
35244 199
35456 199
35672 199
35884 199
36096 199
36312 199
36528 195
36740 195
36952 192
37164 192
37376 192
37596 184
37808 184
38020 176
38232 176
38444 167
38664 163
38876 159
39088 159
39300 152
39512 152
39732 143
39944 135
40156 127
40368 127
40580 127
40800 120
41012 120
41224 112
41436 110
41656 103
41868 99
42080 96
42292 96
42504 92
42724 88
42936 83
43148 79
43360 79
43572 78
43792 71
44004 71
44216 71
44428 71
44640 67
44860 63
45072 67
45284 67
45496 71
45708 71
45928 71
46140 71
46352 71
46564 78
46780 79
46996 81
47208 88
47420 88
47632 92
47848 96
48060 97
48276 103
48488 103
48700 112
48916 113
49128 120
49340 124
49556 127
49768 127
49984 135
50196 143
50408 143
50620 152
50836 156
51052 159
51264 159
51476 167
51688 174
51908 176
52120 179
52332 184
52544 192
52756 192
52976 192
53188 193
53400 195
53612 199
53824 199
54044 199
54256 199
54468 199
