8 248
220 255
432 280
644 287
860 287
1076 287
1288 284
1500 255
1712 254
1928 231
2140 207
2356 184
2568 159
2780 135
2996 120
3208 97
3420 88
3636 79
3848 71
4064 79
4276 88
4488 99
4700 120
4916 135
5132 163
5344 192
5556 216
5768 231
5988 255
6200 271
6412 286
6624 287
6836 287
7056 287
7268 280
7480 255
7692 248
7904 224
8124 199
8336 176
8548 152
8760 127
8972 110
9192 96
9404 79
9616 78
9828 78
10040 79
10260 96
10472 112
10684 127
10896 152
11116 176
11328 199
11540 224
11752 248
11964 255
12184 280
12396 287
12608 291
12820 287
13032 286
13248 271
13464 255
13676 231
13888 216
14100 192
14316 159
14532 135
14744 120
14956 99
15168 88
15384 79
15596 71
15812 79
16024 88
16240 99
16452 120
16664 135
16876 159
17092 188
17308 207
17520 231
17732 255
17944 271
18156 286
18376 287
18588 287
18800 287
19012 280
19224 255
19444 248
19656 224
19868 199
20080 176
20292 152
20512 127
20724 112
20936 96
21148 81
21368 78
21580 78
21792 79
22004 92
22216 103
22436 127
22648 152
22860 176
23072 195
23284 224
23504 241
23716 255
23928 280
24140 287
24352 287
24572 287
24784 287
24996 271
25208 255
25428 240
25640 216
25852 192
26064 163
26276 143
26492 120
26708 103
26920 88
27132 79
27344 71
27560 79
27776 88
27988 97
28200 113
28412 127
28628 159
28840 184
29056 207
29268 231
29480 254
29696 255
29908 284
30120 287
30336 287
30552 287
30764 280
30976 255
31188 248
31400 225
31620 199
31832 177
32044 156
32256 127
32468 112
32688 96
32900 83
33112 78
33324 78
33536 79
33756 92
33968 103
34180 124
34392 143
34604 167
34824 193
35036 220
35248 240
35460 255
35680 280
35892 287
36104 287
36316 287
36528 287
36748 271
36960 255
37172 240
37384 216
37596 192
37816 167
38028 143
38240 124
38452 103
38664 92
38884 79
39096 78
39308 79
39520 88
39732 96
39952 113
40164 127
40376 156
40588 184
40804 206
41020 227
41232 252
41444 255
41656 284
41872 287
42084 287
42300 287
42512 284
42724 255
42940 252
43152 227
43364 207
43580 184
43792 159
44008 127
44220 112
44432 97
44644 88
44860 79
45076 71
45288 79
45500 88
45712 103
45932 124
46144 143
46356 167
46568 192
46780 216
47000 240
47212 255
47424 271
47636 287
47848 287
48068 287
48280 287
48492 275
48704 255
48916 241
49136 220
49348 193
49560 167
49772 143
49984 127
50204 103
50416 92
50628 79
50840 78
51060 78
51272 83
51484 96
51696 112
51908 127
52128 156
52340 177
52552 199
52764 225
52976 248
53192 255
53408 280
53620 287
53832 291
54044 287
54260 284
54476 255
4 287
216 287
428 286
640 271
860 255
1072 231
1284 216
1496 192
1708 163
1928 142
2140 120
2352 99
2564 88
2776 79
2996 71
3208 79
3420 88
3632 97
3844 115
4064 135
4276 159
4488 184
4700 207
4920 231
5132 254
5344 255
5556 284
5768 287
5988 287
6200 287
6412 280
6624 255
6836 248
7056 225
7268 199
7480 177
7692 156
7904 127
8120 112
8336 96
8548 83
8760 78
8972 78
9188 79
9404 92
9616 103
9828 126
10044 145
10256 167
10468 193
10684 220
10896 240
11112 255
11324 280
11536 287
11748 287
11964 287
12180 286
12392 271
12604 255
12816 240
13028 216
13248 192
13460 167
13672 143
13884 124
14096 103
14316 88
14528 79
14740 71
14952 79
15172 88
15384 96
15596 112
15808 127
16020 158
16240 184
16452 207
16664 227
16876 252
17088 255
17308 280
17520 287
17732 287
17944 287
18156 280
18376 255
18588 248
18800 227
19012 206
19232 184
19444 156
19656 127
19868 112
20080 96
20300 88
20512 78
20724 71
20936 79
21148 88
21364 103
21580 124
21792 143
22004 167
22216 192
22432 216
22648 240
22860 255
23072 271
23284 287
23500 287
23712 287
23928 287
24140 271
24356 255
24568 240
24780 220
24992 193
25208 167
25424 143
25636 126
25848 103
26060 92
26272 79
26492 78
26704 78
26916 83
27128 96
27340 112
27560 127
27772 156
27984 177
28196 199
28408 225
28628 248
28840 255
29052 280
29264 287
29484 287
29696 287
29908 284
30120 255
30332 252
30552 231
30764 207
30976 184
31188 159
31400 127
31620 113
31832 96
32044 88
32256 79
32468 71
32688 79
32900 88
33112 103
33324 120
33536 142
33756 163
33968 192
34180 216
34392 240
34608 255
34824 271
35036 287
35248 287
35460 287
35676 287
35892 280
36104 255
36316 241
36528 224
36744 195
36956 174
37172 152
37384 127
37596 110
37812 92
38024 79
38236 78
38452 78
38664 81
38880 96
39092 112
39304 127
39516 152
39736 176
39948 199
40160 224
40372 248
40584 255
40804 280
41016 287
41228 287
41440 287
41652 284
41872 255
42084 254
42296 231
42508 207
42720 192
42940 159
43152 135
43364 120
43576 99
43788 88
44008 79
44220 71
44432 79
44644 88
44864 99
45076 120
45288 135
45500 159
45712 192
45932 216
46144 231
46356 255
46568 271
46780 286
47000 287
47212 287
47424 287
47636 280
47848 255
48068 248
48280 224
48492 199
48704 176
48916 152
49132 127
49348 110
49560 96
49772 79
49988 78
50200 78
50412 79
50628 96
50840 110
51056 127
51268 152
51480 176
51692 199
51908 224
52124 248
52336 255
52548 280
52760 287
52972 287
53192 287
53404 286
53616 271
53828 255
54048 231
54260 216
54472 192
4 255
216 248
428 227
640 206
860 179
1072 156
1284 127
1496 112
1708 96
1928 88
2140 79
2352 71
2564 79
2776 92
2996 103
3208 124
3420 143
3632 167
3852 192
4064 220
4276 240
4488 255
4700 271
4920 287
5132 287
5344 287
5556 287
5768 271
5988 255
6200 240
6412 220
6624 192
6836 167
7056 143
7268 124
7480 103
7692 92
7904 79
8120 71
8336 78
8548 83
8760 96
8976 112
9188 127
9400 156
9616 179
9828 206
10044 227
10256 252
10468 255
10680 280
10896 287
11112 287
11324 287
11536 284
11748 255
11960 252
12180 227
12392 207
12604 184
12816 159
13036 127
13248 113
13460 97
13672 88
13884 79
14104 78
14316 79
14528 88
14740 103
14952 120
15172 143
15384 167
15596 192
15808 216
16020 240
16240 255
16452 271
16664 287
16876 287
17088 287
17308 287
17520 275
17732 255
17944 241
18164 220
18376 193
18588 167
18800 147
19012 126
19232 103
19444 92
19656 79
19868 71
20080 78
20296 81
20512 96
20724 112
20936 127
21148 152
21364 176
21580 199
21792 224
22004 248
22216 255
22432 280
22644 287
22860 287
23072 287
23288 284
23500 255
23712 252
23924 231
24140 207
24356 184
24568 159
24780 135
24992 120
25204 97
25424 88
25636 79
25848 71
26060 79
26272 88
26492 99
26704 120
26916 142
27128 159
27340 192
27560 216
27772 231
27984 255
28196 271
28416 286
28628 287
28840 287
29052 287
29264 280
29484 255
29696 243
29908 224
30120 199
30332 176
30552 152
30764 127
30976 108
31188 96
31400 79
31620 71
31832 71
32044 79
32256 96
32468 110
32688 127
32900 152
33112 176
33324 199
33540 224
33756 248
33968 255
34180 280
34392 287
34608 287
34824 287
35036 284
35248 15
35460 255
35676 231
35888 211
36104 192
36316 159
36528 135
36744 120
36956 99
37168 88
37384 79
37596 71
37812 79
38024 88
38236 99
38448 120
38668 135
38880 159
39092 184
39304 207
39516 231
39736 255
39948 255
40160 286
40372 287
40584 287
40804 287
41016 280
41228 255
41440 248
41652 224
41872 199
42084 176
42296 152
42508 127
42720 112
42940 96
43152 81
43364 78
43576 71
43792 79
44008 94
44220 103
44432 127
44644 147
44860 174
45072 195
45288 224
45500 241
45712 255
45928 280
46140 287
46352 287
46568 287
46780 286
46996 271
47208 255
47420 231
47632 216
47852 192
48064 163
48276 142
48488 120
48700 103
48920 88
49132 79
49344 71
49556 79
49768 88
49988 96
50200 113
50412 127
50624 159
50836 184
51056 207
51268 231
51480 252
51692 255
51904 284
52124 287
52336 287
52548 287
52760 280
52980 255
53192 248
53404 227
53616 199
53828 179
54048 156
54260 127
54472 112
4 287
220 284
432 255
644 252
860 231
1072 207
1284 184
1500 159
1712 127
1928 113
2140 97
2352 88
2564 79
2784 71
2996 79
3208 88
3420 103
3632 120
3852 143
4064 163
4276 192
4488 216
4700 240
4920 255
5132 271
5344 286
5556 287
5768 287
5988 287
6200 275
6412 255
6624 241
6836 224
7056 195
7268 167
7480 147
7692 127
7912 103
8124 92
8336 79
8548 78
8760 78
8980 81
9192 96
9404 112
9616 127
9828 152
10048 176
10260 199
10472 224
10684 248
10896 255
11112 280
11328 287
11540 287
11752 287
11964 284
12180 255
12396 254
12608 231
12820 207
13036 184
13248 159
13460 135
13676 120
13888 99
14104 88
14316 79
14528 71
14740 79
14956 88
15172 99
15384 120
15596 135
15808 159
16020 192
16240 216
16452 231
16664 255
16876 271
17096 286
17308 287
17520 287
17732 287
17944 280
18164 255
18376 248
18588 224
18800 199
19012 176
19232 152
19444 127
19656 110
19868 96
20080 79
20300 78
20512 78
20724 79
20936 96
21148 103
21368 127
21580 152
21792 176
22004 199
22224 224
22436 248
22648 255
22860 280
23072 287
23292 287
23504 287
23716 284
23928 271
24140 255
24356 231
24572 216
24784 192
24996 159
25208 142
25424 120
25640 99
25852 88
26064 79
26276 71
26492 79
26704 88
26920 97
27132 120
27348 135
27560 159
27772 184
27984 207
28200 231
28416 254
28628 255
28840 284
29052 287
29264 287
29484 287
29696 280
29908 255
30120 248
30332 225
30552 199
30764 176
30976 152
31188 127
31400 112
31620 96
31832 81
32044 78
32256 78
32476 79
32688 92
32900 103
33112 126
33324 145
33544 167
33756 195
33968 224
34180 241
34392 255
34612 280
34824 287
35036 287
35248 287
35460 286
35680 271
35892 255
36104 240
36316 216
36528 192
36748 167
36960 143
37172 120
37384 103
37600 88
37816 79
38028 78
38240 79
38452 88
38668 97
38884 113
39096 127
39308 159
39520 184
39736 207
39948 231
40164 252
40376 255
40588 284
40804 287
41016 287
41228 287
41444 280
41656 255
41872 248
42084 227
42296 206
42508 184
42728 156
42940 127
43152 112
43364 96
43576 88
43796 78
44008 71
44220 79
44432 92
44644 103
44864 124
45076 143
45288 167
45500 192
45712 216
45932 240
46144 255
46356 271
46568 287
46780 287
47000 287
47212 287
47424 275
47636 255
47852 240
48068 220
48280 192
48492 167
48704 143
48920 124
49132 103
49348 92
49560 79
49772 71
49988 78
50200 88
50412 96
50628 112
50840 127
51056 156
51268 184
51480 199
51692 225
51912 248
52124 255
52336 280
52548 287
52760 287
52980 287
53192 284
53404 255
53616 252
53828 231
54048 207
54260 184
54472 159
4 255
216 252
428 227
640 206
860 184
1072 158
1284 127
1496 113
1716 96
1928 88
2140 79
2352 71
2564 79
2784 92
2996 103
3208 124
3420 143
3632 167
3852 192
4064 216
4276 240
4488 255
4700 271
4920 287
5132 287
5344 287
5556 287
5776 271
5988 255
6200 240
6412 220
6624 195
6844 167
7056 143
7268 126
7480 103
7692 92
7908 79
8124 71
8336 78
8548 83
8760 96
8976 112
9188 127
9404 156
9616 177
9828 199
10044 225
10256 248
10468 255
10684 280
10900 287
11112 287
11324 287
11536 280
11748 255
11968 252
12180 227
12392 207
12604 184
12816 159
13036 127
13248 115
13460 97
13672 88
13884 79
14104 71
14316 79
14528 88
14740 99
14952 120
15172 142
15384 163
15596 192
15808 216
16028 240
16240 255
16452 271
16664 286
16876 287
17096 287
17308 287
17520 280
17732 255
17944 248
18164 224
18376 195
18588 176
18800 152
19012 127
19232 103
19444 94
19656 79
19868 78
20080 71
20300 79
20512 96
20724 110
20936 127
21152 152
21368 176
21580 199
21792 224
22004 248
22220 255
22432 280
22648 287
22860 287
23072 287
23288 284
23500 255
23712 255
23928 231
24140 211
24356 192
24568 159
24780 135
24992 120
25208 99
25424 88
25636 79
25848 71
26060 79
26280 88
26492 99
26704 120
26916 135
27128 159
27348 192
27560 211
27772 231
27984 255
28196 271
28416 284
28628 287
28840 287
29052 287
29264 280
29484 255
29696 248
29908 224
30120 199
30332 176
30552 152
30764 127
30976 112
31188 96
31408 81
31620 78
31832 78
32044 79
32256 92
32476 103
32688 127
32900 152
33112 176
33324 195
33544 224
33756 248
33968 255
34180 280
34392 287
34608 287
34824 287
35036 286
35248 271
35460 255
35676 238
35892 216
36104 192
36316 163
36532 142
36744 120
36956 103
37172 88
37384 79
37600 71
37812 79
38024 88
38236 97
38452 115
38668 135
38880 159
39092 184
39304 207
39516 231
39736 254
39948 255
40160 284
40372 287
40592 287
40804 287
41016 280
41228 255
41440 248
41660 224
41872 199
42084 177
42296 156
42508 127
42728 112
42940 96
43152 83
43364 79
43576 71
43796 79
44008 92
44220 103
44432 126
44644 143
44864 167
45076 193
45288 220
45500 240
45720 255
45932 280
46144 287
46356 287
46568 287
46788 286
47000 271
47212 255
47424 240
47636 216
47852 192
48068 167
48280 143
48492 124
48704 103
48920 92
49136 79
49348 71
49560 79
49772 88
49988 96
50200 113
50416 127
50628 158
50844 184
51056 207
51268 227
51480 252
51692 255
51912 284
52124 287
52336 287
52548 287
52760 280
52980 255
53192 252
53404 227
53616 207
53828 184
54048 158
54260 127
54472 112
4 248
216 224
428 199
648 176
860 152
1072 127
1284 112
1496 96
1716 83
1928 78
2140 71
2352 79
2564 92
2784 103
2996 127
3208 152
3420 167
3632 195
3852 224
4064 241
4276 255
4488 280
4708 287
4920 287
5132 287
5344 286
5556 271
5776 255
5988 240
6200 216
6412 192
6624 163
6844 142
7056 120
7268 103
7480 88
7692 79
7912 71
8124 79
8336 88
8548 97
8760 113
8980 127
9192 159
9404 184
9616 207
9832 231
10044 254
10260 255
10472 284
10684 287
10900 287
11112 287
11324 280
11540 255
11752 248
11968 225
12180 199
12392 179
12604 156
12820 127
13036 112
13248 96
13460 83
13672 79
13884 71
14104 79
14316 92
14528 103
14740 124
14960 143
15172 167
15384 192
15596 220
15808 240
16028 255
16240 280
16452 287
16664 287
16876 287
17096 286
17308 271
17520 255
17732 240
17944 216
18164 192
18376 167
18588 143
18800 124
19012 103
19232 92
19444 79
19656 71
19868 79
20088 88
20300 96
20512 112
20724 127
20936 156
21156 184
21368 206
21580 227
21792 252
22004 255
22220 284
22436 287
22648 287
22860 287
23072 284
23288 255
23504 252
23716 227
23928 207
24140 184
24356 158
24568 127
24784 113
24996 97
25212 88
25424 79
25636 71
25848 79
26064 88
26280 103
26492 124
26704 143
26916 167
27128 192
27348 216
27560 240
27772 255
27984 271
28196 287
28416 287
28628 287
28840 287
29052 280
29264 255
29484 241
29696 224
29908 195
30120 167
30340 143
30552 126
30764 103
30976 92
31188 79
31408 78
31620 78
31832 81
32044 96
32256 112
32476 127
32688 156
32900 176
33112 199
33324 224
33544 248
33756 255
33968 280
34180 287
34400 287
34612 287
34824 284
35036 255
35248 254
35464 231
35680 207
35892 184
36104 159
36316 135
36532 120
36748 97
36960 88
37172 79
37384 71
37600 79
37812 88
38028 99
38240 120
38452 142
38668 163
38880 192
39092 216
39308 231
39524 255
39736 271
39948 286
40160 287
40372 287
40592 287
40804 280
41016 255
41228 248
41440 224
41660 195
41872 176
42084 152
42296 127
42508 110
42728 96
42940 79
43152 78
43364 78
43576 79
43796 96
44008 110
44220 127
44432 152
44652 176
44864 199
45076 224
45288 248
45500 255
45720 280
45932 287
46144 287
46356 287
46568 284
46788 255
47000 255
47212 231
47424 211
47636 192
47856 159
48068 135
48280 120
48492 99
48704 88
48924 79
49136 71
49348 79
49560 88
49776 99
49992 120
50204 135
50416 159
50628 188
50844 207
51056 231
51272 255
51484 255
51696 284
51912 287
52124 287
52336 287
52548 280
52764 255
52980 248
53192 224
53404 199
53616 176
53828 152
54048 127
54260 112
54472 96
4 287
216 287
428 287
648 271
860 255
1072 240
1284 216
1496 192
1716 167
1928 143
2140 124
2352 103
2564 92
2784 79
2996 71
3208 78
3420 88
3640 96
3852 112
4064 127
4276 158
4488 184
4704 207
4920 227
5132 252
5344 255
5556 284
5772 287
5988 287
6200 287
6412 284
6624 255
6840 252
7052 227
7268 207
7480 184
7692 159
7908 127
8120 112
8332 96
8548 88
8764 78
8976 71
9188 79
9400 88
9612 103
9832 124
10044 143
10256 167
10468 192
10680 216
10900 240
11112 255
11324 271
11536 287
11748 287
11968 287
12180 287
12392 275
12604 255
12816 241
13036 220
13248 193
13460 167
13672 143
13892 126
14104 103
14316 92
14528 79
14740 78
14960 78
15172 81
15384 96
15596 112
15808 127
16028 156
16240 177
16452 199
16664 225
16876 248
17096 255
17308 280
17520 287
17732 287
17944 287
18160 284
18376 255
18588 254
18800 231
19016 207
19228 184
19444 159
19656 135
19868 120
20084 97
20296 88
20508 79
20724 71
20936 79
21152 88
21364 99
21576 120
21788 142
22004 163
22220 192
22432 216
22644 231
22856 255
23068 271
23288 286
23500 287
23712 287
23924 287
24144 280
24356 255
24568 241
24780 224
24992 195
25212 176
25424 152
25636 127
25848 103
26060 96
26280 79
26492 78
26704 78
26916 79
27128 96
27348 112
27560 127
27772 152
27984 176
28196 199
28416 224
28628 248
28840 255
29052 280
29272 287
29484 287
29696 287
29908 284
30120 271
30340 255
30552 231
30764 207
30976 192
31188 159
31404 135
31620 120
31832 99
32044 88
32256 79
32472 78
32688 79
32900 88
33112 99
33324 120
33540 135
33752 159
33968 192
34180 207
34396 231
34608 255
34820 271
35032 286
35248 287
35464 287
35676 287
35888 280
36100 255
36312 248
36532 224
36744 199
36956 176
37168 152
37380 127
37600 112
37812 96
38024 81
38236 78
38456 78
38668 79
38880 94
39092 103
39304 127
39524 152
39736 176
39948 195
40160 224
40372 243
40592 255
40804 280
41016 287
41228 287
41440 287
41660 286
41872 271
42084 255
42296 240
42508 216
42728 192
42940 163
43152 143
43364 120
43584 99
43796 88
44008 79
44220 71
44432 79
44648 88
44864 97
45076 115
45288 127
45500 159
45716 184
45932 207
46144 231
46356 254
46568 255
46784 284
46996 287
47212 287
47424 287
47636 280
47852 255
48064 248
48276 225
48492 199
48708 177
48920 156
49132 127
49344 112
49556 96
49776 83
49988 78
50200 78
50412 79
50624 92
50844 103
51056 126
51268 143
51480 167
51692 193
51912 220
52124 240
52336 255
52548 280
52760 287
52980 287
53192 287
53404 286
53616 271
53836 255
54048 240
54260 216
54472 192
4 199
220 225
432 248
648 255
860 280
1072 287
1288 287
1500 287
1716 284
1928 255
2140 254
2352 231
2568 207
2784 184
2996 159
3208 135
3420 120
3640 97
3852 88
4064 79
4276 78
4488 79
4708 88
4920 99
5132 120
5344 142
5556 163
5776 192
5988 216
6200 238
6412 255
6624 271
6844 286
7056 287
7268 287
7480 287
7692 280
7912 255
8124 243
8336 224
8548 195
8764 176
8976 152
9192 127
9404 103
9616 96
9832 79
10044 78
10256 78
10472 79
10684 96
10900 112
11112 127
11324 152
11536 176
11752 199
11968 224
12180 248
12392 255
12604 280
12824 287
13036 287
13248 287
13460 284
13672 255
13892 255
14104 231
14316 209
14528 192
14740 159
14960 135
15172 120
15384 99
15596 88
15808 79
16028 71
16240 79
16452 88
16664 99
16876 120
17096 135
17308 159
17520 188
17732 207
17952 231
18164 255
18376 255
18588 284
18800 287
19020 287
19232 287
19444 280
19656 255
19868 248
20084 224
20300 199
20512 176
20724 152
20936 127
21152 112
21368 96
21580 81
21792 78
22004 78
22220 79
22432 92
22648 103
22860 127
23076 152
23288 176
23500 195
23712 224
23928 241
24144 255
24356 280
24568 287
24780 287
24992 287
25212 286
25424 271
25636 255
25848 240
26060 216
26280 192
26492 163
26704 143
26916 120
27128 103
27348 88
27560 79
27772 78
27984 79
28204 88
28416 97
28628 115
28840 127
29052 159
29272 184
29484 207
29696 231
29908 252
30120 255
30340 284
30552 287
30764 287
30976 287
31188 280
31408 255
31620 248
31832 225
32044 199
32256 177
32476 156
32688 127
32900 112
33112 96
33328 83
33544 78
33756 71
33968 79
34180 92
34396 103
34612 124
34824 143
35036 167
35248 192
35464 220
35676 240
35892 255
36104 275
36316 287
36532 287
36744 287
36956 287
37172 271
37384 255
37600 240
37812 216
38024 192
38236 167
38456 143
38668 124
38880 103
39092 92
39304 79
39524 71
39736 78
39948 88
40160 96
40372 112
40592 127
40804 156
41016 184
41228 206
41440 227
41660 252
41872 255
42084 284
42296 287
42508 287
42728 287
42940 280
43152 255
43364 252
43580 227
43796 207
44008 184
44220 159
44432 127
44648 113
44860 96
45076 88
45288 79
45500 71
45716 79
45928 88
46140 103
46356 124
46568 143
46784 167
46996 192
47208 216
47420 240
47640 255
47852 271
48064 287
48276 287
48488 287
48708 287
48920 275
49132 255
49344 241
49556 224
49776 193
49988 167
50200 145
50412 126
50624 103
50844 92
51056 79
51268 78
51480 78
51692 81
51912 96
52124 112
52336 127
52548 152
52768 177
52980 199
53192 225
53404 248
53616 255
53836 280
54048 287
54260 287
54472 287
4 167
216 192
428 216
644 240
856 255
1068 271
1280 287
1500 287
1712 287
1924 287
2136 271
2348 255
2568 240
2780 220
2992 193
3204 167
3416 143
3636 124
3848 103
4060 92
4272 79
4484 78
4704 78
4916 83
5128 96
5340 112
5552 127
5772 156
5984 177
6196 199
6408 225
6628 248
6840 255
7052 280
7264 287
7476 287
7696 287
7908 284
8120 255
8332 254
8544 231
8764 207
8976 184
9188 159
9400 127
9612 115
9832 97
10044 88
10256 79
10468 71
10680 79
10896 88
11112 99
11324 120
11536 142
11752 163
11964 192
12176 216
12392 238
12604 255
12820 271
13032 286
13244 287
13456 287
13672 287
13888 280
14100 255
14312 241
14524 224
14736 195
14956 174
15168 152
15380 127
15592 103
15804 96
16024 79
16236 78
16448 78
16660 81
16880 96
17092 112
17304 127
17516 152
17728 176
17948 199
18160 224
18372 248
18584 255
18796 280
19016 287
19228 287
19440 287
19652 284
19864 255
20084 255
20296 231
20508 207
20720 192
20932 159
21152 135
21364 120
21576 99
21788 88
22008 79
22220 71
22432 79
22644 88
22856 99
23072 120
23288 135
23500 159
23712 192
23924 207
24140 231
24356 255
24568 271
24780 284
24992 287
25208 287
25420 287
25636 280
25848 255
26060 248
26276 224
26488 199
26700 176
26912 152
27132 127
27344 112
27556 96
27768 81
27980 78
28200 78
28412 79
28624 94
28836 103
29048 127
29264 152
29480 176
29692 195
29904 224
30116 241
30332 255
30544 280
30760 287
30972 287
31184 287
31400 286
31612 271
31824 255
32040 240
32256 216
32468 192
32680 163
32892 143
33104 120
33324 103
33536 88
33748 79
33960 78
34172 79
34392 88
34604 97
34816 113
35028 127
35240 159
35460 184
35672 207
35884 231
36096 252
36316 255
36528 284
36740 287
36952 287
37164 287
37384 280
37596 255
37808 248
38020 225
38232 199
38452 177
38664 156
38876 127
39088 112
39300 96
39520 83
39732 79
39944 71
40156 79
40368 92
40588 103
40800 126
41012 143
41224 167
41440 193
41656 220
41868 240
42080 255
42292 275
42508 287
42724 287
42936 287
43148 287
43360 271
43576 255
43788 240
44004 216
44216 192
44428 167
44644 143
44856 124
45068 103
45284 92
45496 79
45712 71
45924 79
46136 88
46348 96
46568 112
46780 127
46992 158
47204 184
47416 206
47636 227
47848 252
48060 255
48272 284
48484 287
48704 287
48916 287
49128 284
49340 255
49552 252
49772 227
49984 207
50196 184
50408 158
50620 127
50840 112
51052 96
51264 88
51476 79
51696 78
51908 79
52120 92
52332 103
52544 124
52764 143
52976 167
53188 192
53400 216
53612 240
53832 255
54044 271
54256 287
54468 287
4 127
216 152
436 176
648 195
860 224
1072 243
1284 255
1504 280
1716 287
1928 287
2140 287
2352 286
2568 271
2784 255
2996 238
3208 216
3420 192
3636 163
3852 143
4064 120
4276 99
4488 88
4704 79
4916 71
5132 79
5344 88
5560 97
5772 120
5984 127
6196 159
6412 184
6628 207
6840 231
7052 254
7264 255
7476 284
7696 287
7908 287
8120 287
8332 280
8544 255
8764 248
8976 225
9188 199
9400 177
9612 156
9832 127
10044 112
10256 96
10468 83
10688 78
10900 71
11112 79
11324 92
11536 103
11756 126
11968 143
12180 167
12392 193
12604 220
12824 240
13036 255
13248 280
13460 287
13672 287
13892 287
14104 287
14316 271
14528 255
14740 240
14960 216
15172 192
15384 167
15596 143
15812 124
16028 103
16240 92
16452 79
16664 71
16880 78
17092 88
17308 96
17520 112
17732 127
17948 158
18160 184
18372 207
18588 227
18800 252
19016 255
19228 284
19440 287
19652 287
19868 287
20084 280
20296 255
20508 252
20720 227
20940 207
21152 184
21364 158
21576 127
21788 112
22008 96
22220 88
22432 79
22644 71
22856 79
23076 88
23288 103
23500 124
23712 143
23924 167
24144 192
24356 216
24568 240
24780 255
24992 271
25212 287
25424 287
25636 287
25848 287
26064 275
26276 255
26492 240
26704 220
26916 193
27132 167
27344 143
27556 126
27772 103
27984 92
28200 79
28412 78
28624 78
28836 81
29052 96
29268 112
29480 127
29692 156
29904 177
30124 199
30336 225
30548 248
30760 255
30972 280
31192 287
31404 287
31616 287
31828 284
32040 255
32260 254
32472 231
32684 207
32896 184
33108 159
33328 127
33540 115
33752 97
33964 88
34176 79
34396 71
34608 79
34820 88
35032 99
35252 120
35464 142
35676 163
35888 192
36100 216
36320 240
36532 255
36744 271
36956 286
37168 287
37388 287
37600 287
37812 280
38024 255
38236 248
38452 224
38668 199
38880 176
39092 152
39304 127
39520 103
39736 96
39948 79
40160 78
40376 78
40588 81
40800 96
41016 112
41228 127
41444 152
41656 176
41868 199
42080 224
42296 248
42512 255
42724 280
42936 287
43148 287
43360 287
43580 284
43792 255
44004 255
44216 231
44428 211
44648 192
44860 159
45072 135
45284 120
45504 99
45716 88
45928 79
46140 71
46352 79
46572 88
46784 99
46996 120
47208 135
47420 159
47640 192
47852 207
48064 231
48276 255
48488 255
48708 284
48920 287
49132 287
49344 287
49556 280
49776 255
49988 248
50200 224
50412 199
50632 176
50844 152
51056 127
51268 112
51480 96
51696 79
51912 78
52124 78
52336 79
52548 92
52764 103
52980 127
53192 152
53404 174
53616 195
53832 224
54044 243
54260 255
54472 280
