4 79
216 79
428 79
640 79
860 79
1072 79
1284 79
1496 79
1708 79
1928 79
2140 81
2352 83
2564 88
2784 88
2996 88
3208 92
3420 96
3632 96
3852 96
4064 97
4276 97
4488 99
4700 99
4916 103
5132 103
5344 103
5556 103
5768 103
5984 103
6200 103
6412 103
6624 103
6836 99
7052 99
7264 99
7476 97
7692 96
7908 96
8120 96
8332 92
8544 92
8756 88
8976 88
9188 88
9400 81
9612 79
9824 79
10044 79
10256 79
10468 79
10680 79
10892 79
11112 79
11324 79
11536 79
11748 79
11960 79
12180 81
12392 83
12604 88
12816 88
13036 88
13248 92
13460 96
13672 96
13884 96
14104 97
14316 99
14528 99
14740 103
14952 103
15172 103
15384 103
15596 103
15808 103
16020 103
16240 103
16452 103
16664 103
16876 99
17088 99
17308 97
17520 96
17732 96
17944 96
18160 92
18376 92
18588 88
18800 88
19012 88
19228 88
19440 81
19656 79
19868 79
20080 79
20296 79
20508 79
20720 79
20936 79
21148 79
21364 79
21576 79
21788 79
22000 79
22220 81
22432 88
22644 88
22856 88
23068 92
23288 92
23500 96
23712 96
23924 96
24136 97
24356 99
24568 99
24780 103
24992 103
25204 103
25424 103
25636 103
25848 103
26060 103
26272 103
26492 103
26704 103
26916 99
27128 99
27348 97
27560 96
27772 96
27984 96
28196 96
28416 92
28628 88
28840 88
29052 88
29264 88
29484 79
29696 79
29908 79
30120 79
30332 79
30552 79
30764 79
30976 79
31188 79
31400 79
31616 79
31832 79
32044 79
32256 81
32472 88
32684 88
32900 88
33112 92
33324 92
33540 96
33752 96
33964 96
34180 97
34392 99
34608 99
34820 99
35032 103
35244 103
35460 103
35676 103
35888 103
36100 103
36312 103
36524 103
36744 103
36956 99
37168 99
37380 97
37600 96
37812 96
38024 96
38236 96
38448 92
38668 88
38880 88
39092 88
39304 83
39516 81
39736 79
39948 79
40160 79
40372 79
40584 79
40804 79
41016 79
41228 79
41440 79
41652 79
41872 79
42084 79
42296 83
42508 88
42728 88
42940 88
43152 92
43364 94
43576 96
43796 96
44008 96
44220 97
44432 99
44644 99
44860 103
45076 103
45288 103
45500 103
45712 103
45928 103
46144 103
46356 103
46568 103
46780 103
46996 99
47208 99
47420 99
47632 96
47852 96
48064 96
48276 96
48488 92
48700 88
48920 88
49132 88
49344 88
49556 79
49768 79
49984 79
50200 79
50412 79
50624 79
50836 79
51052 79
51264 79
51480 79
51692 79
51904 79
52120 79
52332 83
52544 88
52760 88
52976 88
53188 92
53400 92
53612 96
53824 96
54044 96
54256 97
54468 99
4 99
224 99
436 103
648 103
860 103
1076 103
1292 103
1504 103
1716 103
1928 103
2144 103
2360 103
2572 99
2784 99
2996 97
3212 96
3424 96
3640 96
3852 96
4064 92
4280 88
4492 88
4704 88
4920 88
5132 79
5348 79
5560 79
5772 79
5984 79
6204 79
6416 79
6628 79
6840 79
7052 79
7272 79
7484 79
7696 79
7908 83
8120 88
8340 88
8552 88
8764 92
8976 92
9188 96
9408 96
9620 96
9832 97
10044 99
10264 99
10476 103
10688 103
10900 103
11112 103
11332 103
11544 103
11756 103
11968 103
12180 103
12400 99
12612 99
12824 99
13036 97
13248 96
13468 96
13680 96
13892 92
14104 92
14316 88
14536 88
14748 88
14960 83
15172 79
15388 79
15604 79
15816 79
16028 79
16240 79
16456 79
16668 79
16884 79
17096 79
17308 79
17524 79
17736 81
17948 83
18164 88
18376 88
18592 88
18804 92
19016 96
19228 96
19444 96
19660 96
19872 97
20084 99
20296 99
20516 103
20728 103
20940 103
21152 103
21364 103
21584 103
21796 103
22008 103
22220 103
22432 103
22652 99
22864 99
23076 97
23288 96
23500 96
23720 96
23932 92
24144 92
24356 88
24568 88
24788 88
25000 83
25212 79
25424 79
25644 79
25856 79
26068 79
26280 79
26492 79
26712 79
26924 79
27136 79
27348 79
27560 79
27780 81
27992 83
28204 88
28416 88
28628 88
28844 92
29060 92
29272 96
29484 96
29696 97
29912 97
30128 99
30340 99
30552 103
30768 103
30980 103
31192 103
31408 103
31620 103
31836 103
32048 103
32260 103
32472 99
32688 99
32904 99
33116 97
33328 96
33540 96
33752 96
33972 92
34184 92
34396 88
34608 88
34820 88
35040 83
35252 79
35464 79
35676 79
35896 79
36108 79
36320 79
36532 79
36744 79
36964 79
37176 79
37388 79
37600 79
37812 81
38028 83
38244 88
38456 88
38668 88
38880 92
39096 96
39308 96
39524 96
39736 96
39948 97
40164 99
40376 99
40588 103
40804 103
41020 103
41232 103
41444 103
41656 103
41868 103
42088 103
42300 103
42512 99
42724 99
42936 97
43156 97
43368 96
43580 96
43792 96
44004 92
44224 92
44436 88
44648 88
44860 88
45080 83
45292 79
45504 79
45716 79
45928 79
46148 79
46360 79
46572 79
46784 79
46996 79
47216 79
47428 79
47640 79
47852 81
48064 83
48284 88
48496 88
48708 88
48920 92
49132 96
49352 96
49564 96
49776 96
49988 97
50204 99
50420 99
50632 103
50844 103
51056 103
51272 103
51488 103
51700 103
51912 103
52124 103
52340 103
52552 103
52768 99
52980 99
53192 97
53408 96
53620 96
53832 96
54048 92
54260 92
54476 88
