4 71
216 79
428 88
648 96
860 110
1072 120
1284 127
1496 143
1716 158
1928 167
2140 184
2352 195
2564 207
2784 224
2996 231
3208 248
3420 255
3632 255
3852 280
4064 287
4276 295
4488 304
4708 312
4920 316
5132 319
5344 319
5556 319
5776 319
5988 319
6200 318
6412 316
6624 307
6844 304
7056 291
7268 286
7480 271
7692 255
7912 254
8124 240
8336 227
8548 216
8760 199
8976 192
9192 177
9404 163
9616 152
9832 135
10044 127
10260 113
10472 103
10684 96
10900 88
11112 71
11324 63
11540 63
11752 56
11968 56
12180 49
12392 48
12604 48
12820 48
13036 49
13248 56
13460 60
13672 63
13884 71
14104 79
14316 88
14528 96
14740 103
14960 120
15172 127
15384 143
15596 158
15808 167
16028 184
16240 195
16452 207
16664 224
16876 231
17096 248
17308 255
17520 255
17732 280
17944 287
18164 295
18376 304
18588 312
18800 316
19012 319
19232 319
19444 319
19656 319
19868 319
20088 318
20300 316
20512 312
20724 304
20936 291
21156 286
21368 271
21580 255
21792 255
22004 241
22220 227
22436 220
22648 206
22860 192
23072 177
23288 163
23504 152
23716 135
23928 127
24140 115
24356 103
24568 96
24784 88
24996 71
25212 63
25424 63
25636 56
25848 56
26064 49
26280 48
26492 48
26704 48
26916 49
27128 56
27348 60
27560 63
27772 67
27984 79
28196 88
28416 96
28628 103
28840 120
29052 127
29264 143
29484 158
29696 167
29908 184
30120 195
30340 207
30552 224
30764 231
30976 248
31188 255
31408 255
31620 280
31832 287
32044 295
32256 304
32476 312
32688 316
32900 319
33112 319
33324 319
33544 319
33756 319
33968 318
34180 312
34400 312
34612 304
34824 291
35036 286
35248 271
35464 255
35680 255
35892 241
36104 227
36316 220
36532 199
36748 192
36960 177
37172 163
37384 152
37600 135
37812 127
38028 113
38240 103
38452 96
38668 88
38880 71
39092 63
39308 63
39524 56
39736 56
39948 49
40160 48
40372 48
40592 48
40804 49
41016 56
41228 60
41440 63
41660 71
41872 79
42084 88
42296 96
42508 103
42728 120
42940 127
43152 143
43364 156
43576 167
43796 184
44008 195
44220 207
44432 224
44652 231
44864 248
45076 255
45288 255
45500 280
45720 287
45932 295
46144 304
46356 312
46568 312
46788 318
47000 319
47212 319
47424 319
47636 319
47856 316
48068 312
48280 305
48492 304
48704 287
48920 286
49136 271
49348 255
49560 255
49776 241
49988 227
50204 220
50416 206
50628 192
50844 177
51056 163
51268 152
51484 135
51696 127
51912 113
52124 103
52336 96
52548 88
52764 71
52980 63
53192 63
53404 56
53616 56
53828 49
54048 48
54260 48
54472 48
4 312
216 304
428 291
640 286
860 275
1072 255
1284 255
1496 241
1708 231
1928 220
2140 207
2352 192
2564 179
2776 167
2996 152
3208 142
3420 127
3632 120
3844 103
4064 96
4276 88
4488 78
4700 63
4920 63
5132 56
5344 56
5556 49
5768 48
5988 48
6200 48
6412 49
6624 56
6836 60
7052 63
7268 67
7480 78
7692 88
7904 96
8120 103
8336 120
8548 127
8760 143
8972 156
9188 167
9400 184
9616 193
9828 207
10044 224
10256 231
10468 248
10680 255
10896 255
11112 280
11324 287
11536 295
11748 304
11960 312
12180 316
12392 319
12604 319
12816 319
13028 319
13248 319
13460 319
13672 316
13884 312
14096 304
14316 295
14528 287
14740 280
14952 255
15172 255
15384 241
15596 227
15808 220
16020 207
16240 192
16452 179
16664 163
16876 156
17088 142
17308 127
17520 120
17732 103
17944 96
18156 88
18376 78
18588 63
18800 63
19012 56
19224 56
19444 48
19656 48
19868 48
20080 48
20296 49
20512 56
20724 60
20936 63
21148 67
21364 78
21576 88
21792 96
22004 103
22216 120
22432 127
22644 143
22856 156
23072 167
23284 184
23500 193
23712 207
23924 224
24136 231
24352 248
24568 255
24780 255
24992 280
25204 287
25424 295
25636 304
25848 312
26060 316
26272 319
26492 319
26704 319
26916 319
27128 319
27340 319
27560 316
27772 312
27984 304
28196 291
28408 287
28628 280
28840 255
29052 255
29264 243
29484 231
29696 220
29908 207
30120 192
30332 179
30552 163
30764 152
30976 142
31188 127
31400 120
31620 103
31832 96
32044 88
32256 78
32468 63
32688 63
32900 56
33112 56
33324 49
33536 48
33752 48
33968 48
34180 49
34392 56
34608 60
34820 63
35036 71
35248 78
35460 88
35676 96
35888 103
36100 120
36316 127
36528 143
36744 156
36956 167
37168 184
37380 193
37596 207
37812 224
38024 231
38236 248
38448 255
38660 255
38880 280
39092 287
39304 295
39516 304
39736 312
39948 316
40160 319
40372 319
40584 319
40804 319
41016 319
41228 319
41440 316
41652 312
41872 304
42084 295
42296 287
42508 280
42720 255
42940 255
43152 243
43364 231
43576 220
43788 207
44008 192
44220 184
44432 167
44644 156
44864 142
45076 127
45288 120
45500 103
45712 96
45932 88
46144 78
46356 63
46568 63
46780 56
46996 56
47212 49
47424 48
47636 48
47848 48
48064 49
48280 56
48492 60
48704 63
48916 63
49132 78
49344 88
49560 96
49772 103
49988 120
50200 127
50412 143
50624 156
50840 167
51056 184
51268 193
51480 207
51692 224
51904 231
52124 248
52336 255
52548 255
52760 280
52972 287
53192 295
53404 304
53616 312
53828 316
54040 319
54260 319
54472 319
4 224
224 207
436 195
648 184
860 167
1072 158
1292 143
1504 127
1716 120
1928 110
2144 96
2360 88
2572 79
2784 71
2996 63
3212 60
3424 56
3640 49
3852 48
4064 48
4280 48
4492 48
4704 56
4920 56
5132 62
5348 63
5560 71
5772 83
5984 96
6204 103
6416 113
6628 127
6840 135
7052 152
7272 163
7484 176
7696 192
7908 199
8120 216
8340 227
8552 241
8764 254
8976 255
9188 271
9408 286
9620 291
9832 304
10044 312
10256 316
10476 319
10688 319
10900 319
11112 319
11332 319
11544 319
11756 316
11968 312
12180 304
12400 295
12612 287
12824 280
13036 255
13248 255
13468 248
13680 231
13892 224
14104 207
14316 195
14536 184
14748 167
14960 158
15172 143
15384 127
15600 120
15816 110
16028 97
16240 88
16456 79
16668 71
16884 63
17096 60
17308 56
17524 49
17736 48
17948 48
18164 48
18376 48
18592 56
18804 56
19016 62
19228 63
19444 71
19660 81
19872 96
20084 103
20296 113
20508 127
20728 135
20940 152
21152 159
21364 176
21584 192
21796 199
22008 216
22220 227
22432 240
22652 254
22864 255
23076 271
23288 286
23500 291
23720 304
23932 307
24144 312
24356 318
24568 319
24788 319
25000 319
25212 319
25424 319
25636 316
25856 312
26068 304
26280 295
26492 287
26712 280
26924 255
27136 255
27348 248
27560 231
27780 224
27992 207
28204 195
28416 184
28628 167
28844 159
29060 143
29272 127
29484 120
29696 110
29912 97
30128 88
30340 79
30552 71
30764 63
30980 60
31192 56
31404 49
31616 48
31836 48
32048 48
32260 48
32472 51
32684 56
32904 62
33116 63
33328 71
33540 81
33752 94
33968 103
34184 113
34396 127
34608 135
34820 152
35036 159
35252 176
35464 192
35676 199
35888 216
36104 227
36316 240
36532 254
36744 255
36960 271
37172 286
37384 287
37596 302
37812 307
38028 312
38240 318
38452 319
38664 319
38876 319
39096 319
39308 319
39520 316
39732 312
39944 304
40164 295
40376 287
40588 280
40800 255
41020 255
41232 248
41444 231
41656 224
41868 207
42088 195
42300 184
42512 167
42724 159
42936 143
43156 127
43368 120
43580 112
43792 97
44004 88
44224 79
44436 71
44648 63
44860 60
45072 56
45292 49
45504 48
45716 48
45928 48
46144 48
46360 51
46572 56
46784 62
46996 63
47212 71
47428 81
47640 96
47852 103
48064 112
48280 127
48492 135
48708 152
48920 159
49132 176
49348 192
49560 199
49772 216
49988 227
50200 240
50416 254
50628 255
50840 271
51052 286
51272 287
51484 304
51696 312
51908 312
52120 318
52340 319
52552 319
52764 319
52976 319
53188 319
53408 316
53620 312
53832 304
54044 295
54256 287
54476 280
4 127
216 124
432 112
648 99
860 92
1072 79
1284 71
1500 63
1716 62
1928 56
2140 51
2352 48
2568 48
2780 48
2996 48
3208 49
3424 56
3636 60
3848 63
4060 71
4276 79
4492 92
4704 99
4916 112
5128 124
5340 127
5560 147
5772 159
5984 176
6196 192
6408 199
6628 216
6840 224
7052 240
7264 252
7476 255
7696 271
7908 284
8120 287
8332 295
8552 305
8764 312
8976 318
9188 319
9400 319
9620 319
9832 319
10044 319
10256 318
10468 312
10688 305
10900 295
11112 287
11324 284
11536 271
11756 255
11968 252
12180 240
12392 225
12612 216
12824 199
13036 192
13248 176
13460 159
13676 152
13892 127
14104 124
14316 112
14528 99
14744 92
14960 79
15172 71
15384 63
15596 62
15812 56
16024 56
16240 48
16452 48
16664 48
16880 48
17092 49
17304 56
17520 60
17736 63
17948 71
18160 79
18372 92
18584 99
18804 112
19016 124
19228 127
19440 147
19652 159
19872 176
20084 192
20296 199
20508 216
20720 224
20940 240
21152 252
21364 255
21576 271
21788 280
22008 287
22220 295
22432 305
22644 312
22864 318
23076 319
23288 319
23500 319
23712 319
23932 319
24144 318
24356 312
24568 305
24780 295
25000 287
25212 284
25424 271
25636 255
25848 252
26068 240
26280 225
26492 216
26704 199
26916 192
27132 176
27348 159
27560 152
27772 127
27988 124
28200 112
28416 99
28628 92
28840 79
29056 71
29268 63
29480 62
29696 56
29908 56
30124 48
30336 48
30548 48
30760 48
30976 49
31192 56
31404 60
31616 63
31828 71
32040 79
32260 88
32472 97
32684 112
32896 120
33116 127
33328 143
33540 159
33752 176
33964 188
34184 199
34396 216
34608 224
34820 240
35032 252
35252 255
35464 271
35676 284
35888 287
36100 295
36320 304
36532 312
36744 318
36956 319
37168 319
37388 319
37600 319
37812 319
38024 318
38244 312
38456 305
38668 295
38880 287
39092 284
39312 271
39524 255
39736 252
39948 240
40160 225
40376 216
40592 199
40804 192
41016 176
41228 159
41444 152
41660 127
41872 126
42084 112
42296 99
42512 92
42724 79
42940 71
43152 63
43368 62
43580 56
43792 51
44004 48
44220 48
44436 48
44648 48
44860 49
45072 56
45284 60
45504 63
45716 71
45928 79
46140 92
46352 99
46572 112
46784 124
46996 127
47208 143
47428 159
47640 176
47852 188
48064 199
48276 216
48496 224
48708 240
48920 252
49132 255
49344 255
49564 280
49776 287
49988 295
50200 304
50412 312
50632 316
50844 319
51056 319
51268 319
51480 319
51700 319
51912 318
52124 312
52336 305
52556 295
52768 287
52980 284
53192 271
53404 255
53620 252
53836 240
54048 225
54260 216
54472 199
4 305
216 295
428 287
644 284
856 271
1072 255
1284 252
1496 240
1712 227
1924 216
2136 199
2352 192
2564 176
2780 159
2992 152
3204 127
3416 124
3632 112
3848 99
4060 92
4272 79
4484 71
4696 63
4916 62
5128 56
5340 51
5552 48
5772 48
5984 48
6196 48
6408 49
6620 56
6840 60
7052 63
7264 71
7476 79
7688 88
7908 99
8120 112
8332 124
8544 127
8756 143
8976 159
9188 174
9400 188
9612 199
9824 207
10044 224
10256 231
10468 248
10680 255
10900 255
11112 280
11324 287
11536 295
11748 304
11968 312
12180 316
12392 319
12604 319
12816 319
13032 319
13248 319
13460 318
13672 312
13884 305
14100 295
14316 287
14528 284
14740 271
14952 255
15168 254
15380 240
15596 227
15808 216
16024 199
16236 192
16448 176
16660 159
16876 152
17092 135
17304 127
17516 113
17728 103
17940 96
18160 81
18372 71
18584 63
18796 62
19008 56
19228 51
19440 48
19652 48
19864 48
20076 48
20296 49
20508 56
20720 60
20932 63
21152 71
21364 79
21576 88
21788 97
22000 112
22220 120
22432 127
22644 143
22856 159
23068 167
23284 184
23500 199
23712 209
23924 224
24136 231
24352 248
24564 255
24780 255
24992 280
25204 287
25420 295
25632 304
25844 312
26060 316
26276 319
26488 319
26700 319
26912 319
27124 319
27344 318
27556 312
27768 305
27980 302
28192 287
28412 286
28624 271
28836 255
29048 254
29260 240
29480 227
29692 216
29904 199
30116 192
30336 176
30548 159
30760 152
30972 135
31184 127
31404 113
31616 103
31828 96
32040 83
32252 71
32472 63
32684 62
32896 56
33108 56
33320 48
33540 48
33752 48
33964 48
34176 49
34388 56
34608 60
34820 63
35032 71
35244 79
35460 88
35676 97
35888 112
36100 120
36312 127
36528 143
36744 159
36956 167
37168 184
37380 195
37596 209
37808 224
38024 231
38236 248
38448 255
38664 255
38876 280
39088 287
39304 295
39516 304
39732 312
39944 316
40156 319
40368 319
40588 319
40800 319
41012 319
41224 318
41436 312
41656 305
41868 304
42080 287
42292 284
42504 271
42724 255
42936 254
43148 240
43360 227
43572 216
43792 199
44004 192
44216 176
44428 159
44640 152
44860 135
45072 127
45284 113
45496 103
45716 96
45928 81
46140 71
46352 63
46564 63
46784 56
46996 56
47208 49
47420 48
47632 48
47852 48
48064 49
48276 56
48488 60
48700 63
48916 71
49132 79
49344 88
49556 97
49768 110
49984 120
50200 127
50412 143
50624 158
50840 167
51052 184
51264 195
51480 207
51692 224
51908 231
52120 248
52332 255
52544 255
52760 280
52976 287
53188 295
53400 304
53612 312
53824 316
54044 319
54256 319
54468 319
4 319
216 312
428 307
640 304
852 291
1072 287
1284 280
1496 255
1708 255
1920 248
2136 231
2352 224
2564 207
2776 193
2992 184
3204 167
3420 156
3632 143
3844 127
4060 120
4272 103
4484 96
4700 88
4912 79
5128 67
5340 63
5552 60
5764 56
5980 49
6196 48
6408 48
6620 48
6832 49
7044 56
7264 56
7476 63
7688 63
7900 78
8120 88
8332 96
8544 103
8756 120
8968 127
9188 142
9400 156
9612 167
9824 179
10036 192
10256 207
10468 220
10680 231
10892 248
11104 255
11324 255
11536 280
11748 287
11960 295
12172 304
12388 312
12600 316
12812 318
13024 319
13244 319
13456 319
13668 319
13880 318
14092 312
14312 312
14524 304
14736 295
14948 287
15160 280
15380 255
15592 255
15804 248
16016 231
16228 224
16444 207
16660 195
16872 184
17084 167
17296 156
17512 143
17728 127
17940 120
18152 103
18368 96
18580 88
18792 79
19008 67
19220 63
19436 60
19648 56
19860 49
20072 48
20288 48
20504 48
20716 49
20928 56
21140 56
21352 63
21572 63
21784 71
21996 88
22208 96
22428 103
22640 120
22852 127
23064 135
23276 152
23496 167
23708 179
23920 192
24132 206
24344 220
24564 231
24776 241
24988 255
25200 255
25412 280
25632 287
25844 295
26056 304
26268 312
26480 316
26700 319
26912 319
27124 319
27336 319
27556 319
27768 319
27980 316
28192 312
28404 304
28620 295
28836 287
29048 280
29260 255
29472 255
29688 248
29904 231
30116 224
30328 207
30540 193
30756 184
30968 167
31184 156
31396 143
31608 127
31824 120
32036 103
32248 96
32464 88
32680 79
32892 71
33104 63
33316 60
33528 56
33748 49
33960 48
34172 48
34384 48
34596 49
34816 56
35028 56
35240 63
35452 63
35664 71
35884 88
36096 96
36308 103
36520 120
36732 127
36952 135
37164 152
37376 163
37588 177
37808 192
38020 206
38232 220
38444 227
38656 241
38876 255
39088 255
39300 275
39512 286
39724 291
39944 304
40156 312
40368 312
40580 318
40792 319
41012 319
41224 319
41436 319
41648 319
41860 316
42080 312
42292 304
42504 295
42716 287
42932 280
43148 255
43360 255
43572 248
43784 231
44000 224
44212 207
44428 195
44640 184
44852 167
45068 156
45280 143
45492 127
45708 120
45920 110
46136 96
46348 88
46560 79
46772 71
46988 63
47204 60
47416 56
47628 49
47840 48
48060 48
48272 48
48484 48
48696 56
48908 56
49128 63
49340 63
49552 71
49764 88
49976 96
50196 103
50408 113
50620 127
50832 135
51044 152
51264 163
51476 177
51688 192
51900 206
52112 220
52332 231
52544 241
52756 255
52968 255
53184 275
53396 287
53612 295
53824 304
54036 312
54252 316
54464 319
4 316
220 312
432 304
644 295
856 287
1072 280
1288 255
1500 255
1712 248
1924 231
2136 224
2356 207
2568 193
2780 184
2992 167
3204 156
3424 143
3636 127
3848 120
4060 103
4280 96
4492 88
4704 79
4916 71
5128 63
5348 60
5560 56
5772 49
5984 48
6196 48
6416 48
6628 48
6840 56
7052 56
7264 62
7484 63
7696 71
7908 83
8120 96
8332 103
8552 113
8764 127
8976 135
9188 152
9404 163
9620 177
9832 192
10044 207
10256 220
10472 231
10688 241
10900 255
11112 255
11324 271
11540 286
11752 291
11968 304
12180 307
12392 312
12608 318
12820 319
13032 319
13248 319
13460 319
13676 319
13888 316
14100 312
14312 304
14532 295
14744 287
14956 280
15168 255
15380 255
15600 248
15812 231
16024 224
16236 207
16448 195
16668 184
16880 167
17092 158
17304 143
17516 127
17736 120
17948 110
18160 97
18372 88
18584 79
18804 71
19016 63
19228 60
19440 56
19660 49
19872 48
20084 48
20296 48
20508 49
20728 56
20940 56
21152 62
21364 63
21576 71
21796 83
22008 96
22220 103
22432 113
22644 127
22864 135
23076 152
23288 163
23500 176
23716 192
23932 206
24144 216
24356 227
24568 240
24784 254
24996 255
25212 271
25424 286
25636 291
25852 304
26064 307
26276 312
26492 318
26704 319
26920 319
27132 319
27344 319
27556 318
27772 312
27988 312
28200 304
28412 295
28624 287
28844 280
29056 255
29268 255
29480 248
29692 231
29912 224
30124 207
30336 195
30548 184
30760 167
30980 159
31192 143
31404 127
31616 120
31828 112
32048 97
32260 88
32472 79
32684 71
32896 63
33116 60
33328 56
33540 49
33752 48
33972 48
34184 48
34396 48
34608 51
34820 56
35040 62
35252 63
35464 71
35676 83
35888 96
36108 103
36320 113
36532 127
36744 135
36956 152
37172 159
37388 176
37600 192
37812 199
38024 216
38240 227
38456 240
38668 254
38880 255
39096 271
39308 284
39520 287
39736 304
39948 312
40164 312
40376 319
40588 319
40800 319
41016 319
41232 319
41444 319
41656 316
41868 312
42080 304
42300 295
42512 287
42724 280
42936 255
43148 255
43368 248
43580 231
43792 224
44004 207
44224 199
44436 184
44648 167
44860 159
45072 143
45292 127
45504 120
45716 112
45928 97
46140 88
46360 79
46572 71
46784 63
46996 60
47208 56
47428 49
47640 48
47852 48
48064 48
48276 48
48496 51
48708 56
48920 62
49132 63
49348 71
49564 81
49776 96
49988 103
50200 113
50416 127
50632 135
50844 152
51056 159
51268 176
51484 192
51696 199
51912 216
52124 227
52336 240
52552 252
52764 255
52976 271
53192 284
53404 287
53620 295
53832 304
54044 312
54256 318
54476 319
4 316
220 316
436 316
648 316
860 312
1072 305
1284 304
1504 295
1716 287
1928 280
2140 255
2352 255
2572 248
2784 240
2996 225
3208 216
3420 199
3640 192
3852 176
4064 163
4276 152
4488 142
4708 127
4920 120
5132 103
5344 97
5564 88
5776 79
5988 71
6200 63
6412 63
6632 60
6844 56
7056 56
7268 56
7480 56
7700 56
7912 62
8124 63
8336 67
8548 78
8768 88
8980 96
9192 99
9404 112
9616 124
9832 127
10048 143
10260 158
10472 167
10688 184
10900 195
11116 207
11328 224
11540 231
11756 248
11968 255
12180 255
12396 271
12608 284
12824 287
13036 295
13248 304
13460 312
13676 312
13892 316
14104 316
14316 316
14528 316
14740 312
14960 305
15172 304
15384 295
15596 287
15816 280
16028 255
16240 255
16452 252
16664 240
16884 227
17096 216
17308 199
17520 192
17732 179
17952 163
18164 156
18376 143
18588 127
18800 120
19020 110
19232 97
19444 92
19656 79
19868 71
20084 63
20296 63
20508 60
20720 56
20940 56
21152 56
21364 56
21576 56
21788 62
22008 63
22220 67
22432 71
22644 83
22856 92
23072 99
23288 112
23500 124
23712 127
23924 143
24140 158
24356 167
24568 184
24780 193
24992 207
25208 224
25420 231
25636 241
25848 255
26064 255
26276 271
26488 284
26700 287
26916 295
27132 304
27344 312
27556 312
27768 316
27980 316
28200 316
28412 316
28624 312
28836 305
29048 304
29268 295
29480 287
29692 280
29904 271
30124 255
30336 252
30548 240
30760 227
30972 216
31192 199
31404 192
31616 177
31828 167
32040 156
32260 143
32472 127
32684 120
32896 110
33108 97
33328 92
33540 79
33752 71
33964 63
34176 63
34396 60
34608 56
34820 56
35032 56
35252 56
35464 56
35676 62
35888 63
36100 67
36316 78
36532 83
36744 92
36956 99
37168 112
37384 124
37600 127
37812 143
38024 158
38236 167
38452 184
38664 193
38880 207
39092 224
39304 231
39520 241
39732 255
39944 255
40160 271
40376 284
40588 287
40800 295
41012 304
41224 312
41444 312
41656 316
41868 316
42080 316
42292 316
42512 312
42724 305
42936 304
43148 295
43360 287
43580 280
43792 271
44004 255
44216 252
44428 240
44648 227
44860 216
45072 206
45284 192
45504 179
45716 167
45928 156
46140 143
46352 127
46572 120
46784 112
46996 97
47208 92
47420 79
47640 71
47852 63
48064 63
48276 60
48488 56
48708 56
48920 56
49132 56
49344 56
49556 60
49776 63
49988 63
50200 71
50412 83
50628 92
50844 99
51056 112
51268 120
51480 127
51696 143
51908 158
52124 167
52336 184
52548 193
52764 207
52976 220
53188 231
53404 241
53616 254
53832 255
54044 271
54256 284
54468 287
4 295
216 304
428 312
640 312
860 312
1072 312
1284 312
1496 305
1716 304
1928 295
2140 287
2352 286
2564 280
2780 255
2996 255
3208 252
3420 240
3632 227
3848 216
4060 199
4276 192
4488 179
4700 167
4916 158
5128 143
5340 127
5556 124
5768 112
5984 99
6196 96
6408 88
6620 79
6840 71
7052 63
7264 63
7476 62
7688 60
7908 60
8120 60
8332 62
8544 63
8756 63
8976 71
9188 79
9400 88
9612 96
9824 103
10044 112
10256 124
10468 127
10680 143
10892 158
11112 167
11324 184
11536 192
11748 206
11968 216
12180 227
12392 240
12604 252
12816 255
13036 255
13248 280
13460 287
13672 291
13884 295
14104 304
14316 312
14528 312
14740 312
14952 312
15172 312
15384 312
15596 304
15808 295
16020 287
16236 286
16452 280
16664 255
16876 255
17092 252
17304 240
17520 227
17732 216
17944 207
18160 192
18372 184
18584 167
18800 158
19012 143
19228 127
19440 124
19652 112
19864 99
20080 96
20296 88
20508 78
20720 71
20932 63
21144 62
21364 60
21576 56
21788 56
22000 56
22220 60
22432 62
22644 63
22856 71
23068 78
23288 88
23500 96
23712 99
23924 112
24136 124
24356 127
24568 143
24780 158
24992 167
25204 184
25424 192
25636 206
25848 216
26060 227
26272 240
26492 252
26704 255
26916 255
27128 280
27348 287
27560 291
27772 302
27984 304
28196 312
28416 312
28628 312
28840 312
29052 312
29264 312
29480 304
29696 302
29908 295
30120 287
30332 280
30548 255
30764 255
30976 252
31188 240
31400 227
31616 220
31828 207
32044 193
32256 184
32472 167
32684 158
32896 143
33108 127
33324 124
33540 112
33752 99
33964 96
34176 88
34388 79
34608 71
34820 63
35032 63
35244 60
35456 56
35676 56
35888 56
36100 60
36312 62
36532 63
36744 71
36956 78
37168 83
37380 92
37600 99
37812 112
38024 120
38236 127
38448 143
38668 156
38880 167
39092 184
39304 192
39516 206
39736 220
39948 227
40160 240
40372 252
40584 255
40804 255
41016 280
41228 287
41440 291
41660 302
41872 304
42084 312
42296 312
42508 312
42724 312
42940 312
43152 312
43364 304
43576 302
43792 295
44004 287
44220 280
44432 255
44644 255
44860 252
45072 240
45284 227
45500 220
45712 207
45928 192
46140 184
46352 167
46564 158
46784 143
46996 127
47208 124
47420 112
47632 103
47852 96
48064 88
48276 79
48488 71
48700 63
48920 63
49132 60
49344 60
49556 57
49768 60
49988 60
50200 62
50412 63
50624 71
50836 78
51056 88
51268 92
51480 99
51692 112
51912 124
52124 127
52336 143
52548 156
52760 167
52980 184
53192 192
53404 206
53616 216
53828 227
54048 240
54260 252
54472 255
4 312
220 305
432 295
644 287
856 284
1072 271
1284 255
1496 252
1712 240
1924 225
2140 216
2352 199
2564 192
2776 176
2996 159
3208 147
3420 127
3632 124
3844 112
4064 99
4276 92
4488 79
4700 71
4912 63
5132 60
5344 56
5556 49
5768 48
5980 48
6200 48
6412 48
6624 49
6836 56
7048 60
7268 63
7480 71
7692 79
7904 92
8124 99
8336 112
8548 124
8760 127
8972 145
9192 159
9404 176
9616 192
9828 199
10040 216
10260 224
10472 240
10684 252
10896 255
11108 271
11328 284
11540 287
11752 295
11964 304
12176 312
12392 316
12604 319
12816 319
13028 319
13248 319
13460 319
13672 316
13884 312
14096 305
14316 295
14528 287
14740 284
14952 271
15164 255
15384 252
15596 240
15808 225
16020 216
16232 199
16452 192
16664 176
16876 159
17088 152
17300 135
17520 126
17732 112
17944 103
18156 92
18372 79
18584 71
18800 63
19012 62
19224 56
19440 51
19652 48
19864 48
20076 48
20292 48
20508 49
20720 56
20932 60
21144 63
21356 71
21576 79
21788 88
22000 99
22212 112
22432 124
22644 127
22856 143
23068 159
23280 174
23500 192
23712 199
23924 216
24136 224
24348 240
24568 252
24780 255
24992 255
25204 280
25416 287
25636 295
25848 304
26060 312
26272 318
26484 319
26704 319
26916 319
27128 319
27340 319
27560 318
27772 312
27984 305
28196 300
28408 287
28628 284
28840 271
29052 255
29264 252
29476 240
29692 225
29908 216
30120 199
30332 192
30544 176
30760 159
30976 152
31188 135
31400 126
31612 112
31828 103
32040 92
32256 81
32468 71
32684 63
32896 62
33108 56
33320 56
33536 48
33752 48
33964 48
34176 48
34388 49
34600 56
34820 60
35032 63
35244 71
35456 79
35668 88
35888 97
36100 112
36312 120
36524 127
36736 143
36956 159
37168 167
37380 184
37592 199
37812 211
38024 224
38236 240
38448 248
38660 255
38880 255
39092 284
39304 287
39516 295
39728 304
39948 312
40160 316
40372 319
40584 319
40796 319
41016 319
41228 319
41440 318
41652 312
41864 305
42084 295
42296 287
42508 284
42720 271
42936 255
43152 252
43364 240
43576 227
43788 216
44004 199
44220 192
44432 176
44644 159
44856 152
45072 135
45284 126
45500 112
45712 99
45924 92
46140 79
46352 71
46564 63
46780 62
46992 56
47208 56
47420 48
47632 48
47844 48
48064 48
48276 49
48488 56
48700 60
48912 63
49132 71
49344 79
49556 88
49768 97
49980 112
50200 120
50412 127
50624 143
50836 159
51048 167
51268 184
51480 199
51692 211
51904 224
52116 240
52336 248
52548 255
52760 255
52972 280
53188 287
53404 295
53616 304
53828 312
54040 316
54256 319
54468 319
