4 327
216 271
428 207
648 159
860 127
1072 99
1284 81
1496 63
1716 60
1928 48
2140 46
2352 39
2572 35
2784 31
2996 31
3208 103
3420 159
3640 207
3852 240
4064 255
4276 280
4488 291
4704 304
4920 312
5132 319
5344 319
5556 319
5772 327
5988 316
6200 240
6412 192
6624 143
6840 113
7052 92
7268 71
7480 63
7696 56
7908 48
8120 39
8332 35
8548 31
8764 31
8976 63
9188 127
9400 184
9612 224
9832 252
10044 271
10256 287
10468 302
10680 312
10900 316
11112 319
11324 319
11536 319
11748 327
11968 280
12180 216
12392 167
12604 127
12824 103
13036 88
13248 67
13460 60
13672 49
13892 46
14104 39
14316 35
14528 31
14740 31
14960 96
15172 158
15384 199
15596 240
15808 255
16028 284
16240 295
16452 304
16664 312
16884 319
17096 319
17308 327
17520 327
17732 319
17948 248
18164 192
18376 152
18588 120
18800 96
19016 78
19232 63
19444 56
19656 48
19868 39
20084 35
20296 31
20512 31
20724 56
20936 126
21152 184
21364 224
21576 252
21792 255
22008 287
22220 302
22432 312
22644 316
22856 319
23076 319
23288 319
23500 327
23712 287
23924 224
24144 167
24356 127
24568 103
24780 88
24992 71
25212 60
25424 49
25636 48
25848 39
26060 35
26280 31
26492 31
26704 92
26916 152
27136 199
27348 231
27560 255
27772 280
27984 295
28204 304
28416 316
28628 319
28840 319
29052 319
29272 327
29484 327
29696 254
29908 195
30120 152
30340 120
30552 96
30764 79
30976 63
31188 56
31408 48
31620 39
31832 39
32044 31
32260 31
32476 48
32688 120
32900 176
33112 216
33328 248
33540 255
33756 284
33968 295
34180 305
34396 316
34608 319
34820 319
35036 319
35248 319
35464 287
35676 224
35888 176
36100 135
36316 103
36532 88
36744 71
36956 62
37168 51
37388 46
37600 39
37812 35
38024 31
38236 31
38456 83
38668 143
38880 193
39092 227
39304 255
39524 280
39736 287
39948 304
40160 312
40372 318
40592 319
40804 319
41016 327
41228 327
41440 255
41660 199
41872 156
42084 124
42296 97
42516 79
42728 63
42940 56
43152 48
43364 39
43584 39
43796 35
44008 31
44220 39
44432 113
44652 174
44864 216
45076 248
45288 255
45500 286
45716 295
45932 312
46144 318
46356 319
46568 319
46784 327
46996 327
47212 304
47424 231
47640 177
47852 135
48064 112
48276 92
48492 71
48708 62
48920 56
49132 48
49344 39
49556 35
49776 31
49988 31
50200 71
50412 142
50624 192
50844 227
51056 255
51268 271
51480 287
51700 304
51912 312
52124 318
52336 319
52548 319
52768 327
52980 327
53192 255
53404 207
53616 159
53836 126
54048 99
54260 79
54472 63
8 319
220 319
432 319
644 327
860 327
1076 271
1288 207
1500 159
1712 127
1924 103
2144 81
2356 63
2568 60
2780 49
2992 39
3212 39
3424 35
3636 31
3848 31
4060 99
4280 159
4492 207
4704 240
4916 255
5136 284
5348 295
5560 305
5772 316
5984 319
6204 319
6416 327
6628 327
6840 318
7052 243
7272 192
7484 143
7696 115
7908 96
8120 71
8340 63
8552 56
8764 48
8976 39
9188 35
9408 31
9620 31
9832 62
10044 127
10260 184
10476 224
10688 252
10900 255
11112 287
11328 302
11540 312
11756 318
11968 319
12180 319
12396 327
12608 327
12820 280
13036 216
13248 167
13464 127
13676 103
13888 88
14100 71
14316 60
14532 49
14744 46
14956 39
15168 35
15388 31
15600 31
15812 96
16024 158
16236 199
16456 240
16668 255
16880 280
17092 295
17304 304
17524 312
17736 319
17948 319
18160 319
18372 327
18592 319
18804 248
19016 192
19228 152
19440 120
19660 96
19872 78
20084 63
20296 56
20516 48
20728 39
20940 39
21152 31
21364 31
21584 56
21796 127
22008 177
22220 220
22432 248
22652 255
22864 287
23076 295
23288 312
23500 316
23716 319
23932 319
24144 319
24356 327
24568 287
24784 224
24996 167
25208 127
25420 103
25640 88
25852 71
26064 60
26276 49
26488 46
26708 39
26920 35
27132 31
27344 31
27556 88
27776 152
27988 195
28200 231
28412 255
28624 280
28840 287
29056 304
29268 312
29480 318
29692 319
29908 319
30124 327
30336 327
30548 255
30764 195
30976 152
31188 120
31404 96
31616 79
31832 63
32044 56
32256 48
32468 39
32684 39
32900 31
33112 31
33324 48
33536 120
33748 176
33968 216
34180 248
34392 255
34604 287
34824 295
35036 312
35248 316
35460 319
35672 319
35892 327
36104 327
36316 295
36528 225
36740 176
36960 135
37172 110
37384 88
37596 71
37808 62
38028 51
38240 48
38452 39
38664 35
38876 31
39096 31
39308 79
39520 143
39732 193
39952 231
40164 255
40376 280
40588 287
40800 304
41016 312
41232 319
41444 319
41656 319
41868 327
42084 327
42300 255
42512 199
42724 159
42936 126
43152 97
43364 79
43580 63
43792 56
44004 48
44220 39
44432 39
44644 35
44860 31
45076 39
45288 113
45500 167
45712 216
45924 243
46144 255
46356 286
46568 295
46780 312
46992 316
47212 319
47424 319
47636 327
47848 327
48060 304
48280 231
48492 177
48704 142
48916 112
49128 92
49348 71
49560 63
49772 56
49984 48
50204 39
50416 35
50628 31
50840 31
51052 71
51272 143
51484 192
51696 225
51908 255
52120 271
52340 287
52552 304
52764 312
52976 318
53188 319
53408 319
53620 327
53832 327
54044 255
54256 207
54476 159
4 71
216 63
428 56
644 48
856 39
1072 35
1284 31
1496 31
1712 78
1924 143
2136 192
2348 227
2568 255
2780 280
2992 287
3204 304
3416 312
3636 319
3848 319
4060 319
4272 327
4484 327
4700 255
4916 207
5128 159
5340 127
5552 99
5768 79
5980 63
6196 60
6408 48
6620 39
6836 39
7048 35
7260 31
7476 31
7692 112
7904 167
8116 207
8328 240
8540 255
8760 284
8972 295
9184 305
9396 316
9608 319
9828 319
10040 327
10252 327
10464 312
10676 240
10896 184
11108 143
11320 112
11532 92
11752 71
11964 63
12176 56
12388 48
12600 39
12820 35
13032 31
13244 31
13456 63
13668 135
13888 192
14100 224
14312 254
14524 271
14736 287
14956 304
15168 312
15380 318
15592 319
15804 319
16024 327
16236 327
16448 271
16660 207
16876 159
17092 127
17304 99
17516 83
17728 63
17944 60
18160 49
18372 39
18584 39
18796 35
19012 31
19224 31
19440 103
19652 159
19864 206
20080 240
20292 255
20504 284
20720 295
20932 305
21148 316
21360 319
21572 319
21784 327
22004 327
22216 318
22428 241
22640 192
22852 143
23072 113
23284 96
23496 71
23708 63
23920 56
24140 48
24352 39
24564 35
24776 31
24988 31
25208 63
25420 127
25632 184
25844 224
26056 252
26276 271
26488 287
26700 304
26912 312
27132 319
27344 319
27556 319
27768 327
27980 327
28200 280
28412 216
28624 167
28836 127
29048 103
29268 88
29480 67
29692 60
29904 49
30116 46
30336 39
30548 35
30760 31
30972 31
31184 96
31400 158
31616 199
31828 231
32040 255
32256 280
32468 291
32684 304
32896 312
33108 319
33324 319
33536 319
33748 327
33960 319
34176 248
34392 192
34604 152
34816 120
35028 96
35240 79
35460 63
35672 56
35884 48
36096 39
36308 39
36528 31
36740 31
36952 56
37164 127
37384 184
37596 224
37808 248
38020 255
38232 287
38452 304
38664 312
38876 316
39088 319
39300 319
39516 327
39732 327
39944 287
40156 224
40368 172
40584 127
40800 103
41012 88
41224 71
41436 60
41652 49
41864 46
42080 39
42292 35
42508 31
42720 31
42932 92
43144 152
43360 199
43576 231
43788 255
44000 280
44212 291
44424 304
44644 312
44856 319
45068 319
45280 319
45492 327
45712 327
45924 255
46136 195
46348 156
46568 120
46780 96
46992 79
47204 63
47416 56
47636 48
47848 39
48060 39
48272 31
48484 31
48704 48
48916 120
49128 176
49340 216
49552 248
49772 255
49984 287
50196 295
50408 312
50620 316
50840 319
51052 319
51264 327
51476 327
51696 295
51908 225
52120 176
52332 135
52544 112
52760 88
52976 71
53188 62
53400 51
53612 48
53828 39
54044 35
54256 31
54468 31
4 88
224 63
436 60
648 49
860 46
1072 39
1292 35
1504 31
1716 31
1928 97
2144 159
2360 199
2572 240
2784 255
2996 280
3212 295
3424 305
3640 316
3852 319
4064 319
4280 319
4492 327
4704 319
4920 248
5132 192
5348 152
5560 120
5772 96
5984 78
6200 63
6416 56
6628 48
6840 39
7052 39
7272 31
7484 31
7696 56
7908 127
8120 184
8340 224
8552 252
8764 255
8976 287
9188 295
9408 312
9620 316
9832 319
10044 319
10256 327
10476 327
10688 286
10900 220
11112 167
11324 127
11544 103
11756 88
11968 71
12180 60
12400 49
12612 46
12824 39
13036 35
13248 31
13468 31
13680 92
13892 156
14104 199
14316 231
14536 255
14748 280
14960 295
15172 304
15384 312
15600 319
15816 319
16028 319
16240 327
16452 327
16668 252
16884 193
17096 152
17308 120
17524 96
17736 79
17948 63
18164 56
18376 48
18592 39
18804 35
19016 31
19228 31
19444 48
19660 124
19872 176
20084 216
20296 248
20508 255
20728 286
20940 295
21152 312
21364 316
21576 319
21796 319
22008 327
22220 327
22432 291
22652 224
22864 176
23076 135
23288 110
23500 88
23720 71
23932 60
24144 56
24356 48
24568 39
24788 35
25000 31
25212 31
25424 88
25636 147
25856 195
26068 231
26280 255
26492 280
26712 287
26924 304
27136 312
27348 319
27560 319
27780 319
27992 327
28204 327
28416 255
28628 199
28844 156
29060 124
29272 96
29484 79
29696 63
29912 56
30128 48
30340 39
30552 39
30764 31
30980 31
31192 39
31408 120
31620 167
31836 216
32048 248
32260 255
32472 287
32688 295
32904 312
33116 316
33328 319
33540 319
33752 327
33972 327
34184 295
34396 227
34608 177
34820 135
35040 112
35252 88
35464 71
35676 63
35888 56
36108 48
36320 39
36532 35
36744 31
36964 31
37176 79
37388 143
37600 192
37812 227
38032 255
38244 280
38456 287
38668 304
38880 312
39100 319
39312 319
39524 319
39736 327
39948 327
40168 255
40380 199
40592 159
40804 126
41016 99
41236 79
41448 63
41660 56
41872 48
42088 39
42304 39
42516 35
42728 31
42940 31
43156 112
43368 167
43584 207
43796 241
44008 255
44224 286
44436 295
44648 305
44864 316
45076 319
45292 319
45504 327
45716 327
45928 312
46144 238
46360 184
46572 143
46784 112
46996 92
47216 71
47428 63
47640 56
47852 48
48064 39
48284 35
48496 31
48708 31
48920 71
49132 135
49352 192
49564 225
49776 255
49988 271
50200 287
50420 304
50632 312
50844 316
51056 319
51268 319
51488 327
51700 327
51912 271
52124 207
52344 159
52556 127
52768 99
52980 81
53192 63
53412 60
53624 49
53836 39
54048 39
54260 35
54480 31
4 327
216 255
428 195
640 152
860 120
1072 96
1284 79
1496 63
1708 56
1924 48
2140 39
2352 35
2564 31
2780 31
2992 48
3208 120
3420 176
3632 216
3848 248
4060 255
4272 287
4488 295
4700 312
4916 316
5128 319
5340 319
5552 327
5768 327
5984 291
6196 224
6408 176
6620 135
6832 110
7052 88
7264 71
7476 62
7688 51
7908 48
8120 39
8332 35
8544 31
8756 31
8976 83
9188 147
9400 195
9612 231
9824 255
10044 280
10256 287
10468 304
10680 312
10892 318
11112 319
11324 319
11536 319
11748 327
11960 255
12176 199
12388 158
12600 124
12812 97
13032 79
13244 63
13456 56
13668 48
13880 39
14100 39
14312 35
14524 31
14736 35
14948 112
15168 167
15380 216
15592 248
15804 255
16016 287
16232 295
16448 312
16660 316
16872 319
17084 319
17300 327
17516 327
17728 304
17940 231
18156 177
18368 142
18580 112
18796 92
19008 71
19224 63
19436 56
19648 48
19860 39
20076 35
20292 31
20504 31
20716 71
20928 142
21140 192
21360 227
21572 255
21784 275
21996 287
22216 304
22428 312
22640 319
22852 319
23064 319
23284 327
23496 327
23708 255
23920 207
24132 159
24352 127
24564 99
24776 79
24988 63
25200 56
25420 48
25632 39
25844 39
26056 35
26268 31
26488 31
26700 103
26912 163
27124 207
27344 241
27556 255
27768 284
27980 295
28192 305
28412 316
28624 319
28836 319
29048 327
29260 327
29476 312
29692 240
29904 184
30116 143
30328 113
30544 92
30760 71
30972 63
31184 56
31396 48
31612 39
31824 35
32040 31
32252 31
32468 63
32680 255
32892 192
33104 224
33320 254
33536 271
33748 287
33960 304
34172 312
34384 318
34604 319
34816 319
35028 327
35240 327
35452 280
35672 207
35884 163
36096 127
36308 103
36520 83
36740 63
36952 60
37164 49
37376 39
37596 39
37808 35
38020 31
38232 31
38444 99
38664 159
38876 207
39088 240
39300 255
39512 284
39732 295
39944 305
40156 316
40368 319
40580 319
40800 319
41012 327
41224 318
41436 241
41648 192
41868 143
42080 115
42292 96
42504 78
42720 63
42936 56
43148 48
43360 39
43572 35
43788 31
44000 31
44216 60
44428 127
44640 184
44856 224
45068 252
45280 271
45496 287
45708 304
45924 312
46136 318
46348 319
46560 319
46776 327
46992 327
47204 284
47416 216
47628 167
47848 127
48060 103
48272 88
48484 71
48696 60
48916 49
49128 46
49340 39
49552 35
49764 31
49984 31
50196 96
50408 156
50620 199
50832 231
51052 255
51264 280
51476 295
51688 304
51900 312
52120 319
52332 319
52544 319
52756 327
52972 319
53184 252
53400 192
53612 152
53824 120
54040 96
54252 79
54464 63
4 318
216 319
436 319
648 327
860 327
1072 280
1288 211
1504 163
1716 127
1928 103
2140 83
2356 63
2572 60
2784 49
2996 39
3208 39
3424 35
3636 31
3852 31
4064 99
4276 159
4492 207
4704 240
4916 255
5132 284
5344 295
5560 305
5772 316
5984 319
6196 319
6416 327
6628 327
6840 319
7052 248
7264 192
7484 145
7696 120
7908 96
8120 78
8332 63
8552 56
8764 48
8976 39
9188 35
9400 31
9620 31
9832 60
10044 127
10256 184
10468 224
10688 252
10900 255
11112 287
11324 295
11540 312
11756 316
11968 319
12180 319
12392 319
12608 327
12820 284
13036 216
13248 167
13460 127
13676 103
13888 88
14100 71
14316 60
14528 49
14744 46
14956 39
15168 35
15380 31
15600 31
15812 96
16024 156
16236 199
16448 231
16668 255
16880 280
17092 295
17304 304
17516 312
17736 319
17948 319
18160 319
18372 327
18584 327
18804 252
19016 192
19228 152
19440 120
19652 96
19872 78
20084 63
20296 56
20508 48
20728 39
20940 39
21152 31
21364 31
21576 49
21796 126
22008 177
22220 220
22432 248
22644 255
22864 287
23076 295
23288 312
23500 316
23712 319
23932 319
24144 327
24356 327
24568 287
24780 224
24996 172
25212 127
25424 103
25636 88
25852 71
26064 60
26280 49
26492 46
26704 39
26920 35
27132 31
27344 31
27560 88
27772 152
27988 199
28200 231
28412 255
28624 280
28840 291
29056 304
29268 312
29480 319
29692 319
29904 319
30124 327
30336 327
30548 255
30760 195
30980 152
31192 120
31404 96
31616 79
31828 63
32048 56
32260 48
32472 39
32684 39
32896 31
33116 31
33328 39
33540 120
33752 176
33964 216
34184 248
34396 255
34608 287
34820 295
35032 312
35252 316
35464 319
35676 319
35888 327
36108 327
36320 295
36532 227
36744 176
36956 135
37172 112
37388 88
37600 71
37812 62
38024 56
38240 48
38456 39
38668 35
38880 31
39092 31
39308 79
39520 143
39736 192
39948 227
40160 255
40376 280
40588 287
40800 304
41012 312
41232 319
41444 319
41656 319
41868 327
42080 327
42300 255
42512 199
42724 159
42936 126
43148 99
43364 79
43580 63
43792 56
44004 48
44216 39
44432 39
44644 31
44860 31
45072 31
45284 112
45500 167
45712 207
45924 241
46140 255
46356 284
46568 295
46780 305
46992 316
47204 319
47424 319
47636 327
47848 327
48060 305
48272 231
48492 184
48704 143
48916 112
49128 92
49340 71
49560 63
49772 56
49984 48
50196 39
50416 35
50628 31
50840 31
51052 71
51264 135
51484 192
51696 225
51908 255
52120 271
52332 287
52552 304
52764 312
52976 318
53188 319
53400 319
53620 327
53832 327
54044 255
54256 207
54468 159
4 79
216 63
428 56
640 48
856 39
1072 39
1284 35
1496 31
1708 31
1924 112
2140 163
2352 207
2564 240
2780 255
2992 284
3204 295
3420 305
3632 316
3848 319
4060 319
4272 327
4484 327
4700 312
4916 231
5128 184
5340 143
5552 112
5764 92
5984 71
6196 63
6408 56
6620 48
6832 39
7052 35
7264 31
7476 31
7688 63
7908 135
8120 192
8332 225
8544 255
8756 271
8976 287
9188 304
9400 312
9612 319
9824 319
10044 319
10256 327
10468 327
10680 271
10892 207
11112 159
11324 127
11536 99
11748 81
11960 63
12180 60
12392 49
12604 39
12816 39
13036 35
13248 31
13460 31
13672 103
13884 159
14100 207
14316 240
14528 255
14740 284
14952 295
15168 305
15384 316
15596 319
15808 319
16020 319
16236 327
16448 316
16664 241
16876 192
17088 143
17304 113
17516 96
17728 71
17940 63
18160 56
18372 48
18584 39
18796 39
19008 31
19228 31
19440 63
19652 127
19864 184
20076 224
20292 252
20508 271
20720 287
20932 304
21144 312
21360 318
21572 319
21788 319
22000 327
22212 327
22428 280
22640 216
22852 167
23068 127
23284 103
23496 88
23708 67
23920 60
24132 49
24352 39
24564 39
24776 35
24988 31
25200 31
25420 96
25632 158
25844 199
26056 238
26268 255
26488 284
26700 295
26912 304
27124 316
27344 319
27556 319
27768 319
27980 327
28192 319
28412 248
28624 192
28836 152
29048 120
29260 96
29480 78
29692 63
29904 56
30116 48
30328 39
30548 35
30760 31
30972 31
31184 56
31396 126
31616 179
31828 220
32040 248
32252 255
32468 287
32684 302
32896 312
33108 316
33320 319
33536 319
33748 327
33964 327
34176 287
34388 224
34604 167
34816 127
35028 103
35244 88
35456 71
35672 60
35884 51
36096 46
36308 39
36524 35
36740 31
36952 31
37164 88
37376 152
37596 199
37808 231
38020 255
38232 280
38444 291
38664 304
38876 312
39088 319
39300 319
39512 319
39732 327
39944 327
40156 255
40368 195
40580 156
40800 120
41012 96
41224 79
41436 63
41648 56
41868 48
42080 39
42292 39
42504 31
42724 31
42936 48
43148 120
43360 176
43572 216
43792 248
44004 255
44216 287
44428 295
44640 312
44860 316
45072 319
45284 319
45496 327
45708 327
45924 291
46140 225
46352 176
46564 135
46776 112
46992 88
47208 71
47420 62
47632 51
47848 48
48060 39
48272 35
48488 31
48700 31
48916 81
49128 145
49340 193
49552 231
49768 255
49984 280
50196 287
50408 304
50620 312
50832 319
51052 319
51264 319
51476 327
51688 327
51900 255
52120 199
52332 156
52544 124
52756 97
52976 79
53188 63
53400 56
53612 48
53824 39
54044 39
54256 31
54468 31
4 112
216 88
436 71
648 62
860 56
1072 48
1284 39
1504 35
1716 31
1928 31
2140 79
2360 143
2572 193
2784 231
2996 255
3208 280
3428 287
3640 304
3852 312
4064 318
4276 319
4492 319
4708 327
4920 327
5132 255
5344 199
5560 158
5776 126
5988 97
6200 79
6412 63
6628 56
6840 48
7056 39
7268 39
7484 35
7696 31
7908 35
8120 112
8336 167
8552 211
8764 243
8976 255
9188 286
9400 295
9620 312
9832 316
10044 319
10256 319
10468 327
10688 327
10900 304
11112 231
11324 184
11536 143
11756 112
11968 92
12180 71
12392 63
12612 56
12824 48
13036 39
13248 35
13460 31
13680 31
13892 71
14104 135
14316 192
14528 225
14748 255
14960 275
15172 287
15384 304
15596 312
15816 318
16028 319
16240 319
16452 319
16664 327
16884 255
17096 207
17308 159
17520 127
17736 99
17952 79
18164 63
18376 56
18588 48
18804 39
19020 39
19232 35
19444 31
19656 31
19872 103
20084 163
20300 207
20512 240
20724 255
20940 284
21152 295
21364 305
21580 316
21792 319
22008 319
22220 327
22432 327
22644 316
22864 240
23076 184
23288 143
23500 113
23712 92
23932 71
24144 63
24356 56
24568 48
24780 39
25000 35
25212 31
25424 31
25636 63
25848 127
26068 184
26280 224
26492 252
26704 271
26916 287
27136 304
27348 312
27560 318
27772 319
27992 319
28204 327
28416 327
28628 280
28840 216
29060 163
29272 127
29484 103
29696 83
29908 67
30128 60
30340 49
30552 46
30764 39
30976 35
31192 31
31408 31
31620 97
31832 159
32048 199
32260 240
32476 255
32688 280
32900 291
33116 304
33328 312
33540 319
33756 319
33968 319
34184 327
34396 319
34608 248
34820 192
35036 152
35252 120
35464 96
35676 78
35888 63
36100 56
36320 48
36532 39
36744 35
36956 31
37176 31
37388 60
37600 127
37812 184
38024 224
38244 252
38456 271
38668 287
38880 302
39092 312
39312 318
39524 319
39736 319
39948 327
40160 327
40380 284
40592 220
40804 167
41016 127
41228 103
41448 88
41660 71
41872 60
42084 51
42304 46
42516 39
42728 35
42940 31
43152 31
43372 96
43584 156
43796 199
44008 231
44220 255
44436 280
44652 295
44864 304
45076 312
45288 319
45504 319
45720 319
45932 327
46144 327
46356 254
46572 192
46784 152
47000 120
47212 96
47428 79
47640 63
47852 56
48064 48
48280 39
48496 39
48708 31
48920 31
49132 49
49344 124
49564 177
49776 220
49988 248
50200 255
50412 287
50632 300
50844 312
51056 316
51268 319
51480 319
51700 327
51912 327
52124 287
52336 224
52556 174
52768 127
52980 103
53192 88
53404 71
53624 60
53836 49
54048 46
54260 39
54472 35
8 56
220 48
432 39
644 39
856 35
1072 31
1288 31
1500 112
1712 167
1928 211
2140 241
2356 255
2568 286
2780 295
2996 307
3208 316
3420 319
3636 319
3848 327
4064 327
4276 304
4488 231
4700 184
4916 143
5132 112
5344 92
5556 71
5768 63
5980 56
6200 48
6412 39
6624 35
6836 31
7056 31
7268 71
7480 135
7692 192
7904 225
8124 255
8336 271
8548 287
8760 304
8972 312
9192 318
9404 319
9616 319
9828 319
10040 327
10260 255
10472 207
10684 159
10896 127
11108 99
11328 79
11540 63
11752 60
11964 48
12184 39
12396 39
12608 35
12820 31
13032 31
13252 103
13464 159
13676 207
13888 240
14100 255
14316 284
14532 295
14744 304
14956 312
15168 319
15384 319
15600 319
15812 327
16024 316
16236 240
16452 184
16664 143
16880 113
17092 96
17308 71
17520 63
17732 56
17944 48
18160 39
18376 35
18588 31
18800 31
19012 63
19224 127
19444 188
19656 224
19868 254
20080 271
20292 287
20512 304
20724 312
20936 318
21148 319
21360 319
21580 327
21792 327
22004 280
22216 216
22436 163
22648 127
22860 103
23072 88
23284 67
23504 60
23716 49
23928 39
24140 39
24352 35
24572 31
24784 31
24996 97
25208 159
25420 199
25640 240
25852 255
26064 280
26276 295
26488 305
26704 316
26916 319
27128 319
27340 319
27560 327
27772 319
27984 248
28196 192
28408 152
28628 120
28840 96
29052 79
29264 63
29476 56
29692 48
29904 39
30120 35
30332 31
30544 31
30760 56
30972 127
31184 179
31400 220
31612 252
31828 271
32040 287
32252 302
32464 312
32684 318
32896 319
33108 319
33320 327
33532 327
33752 286
33964 220
34176 167
34388 127
34600 103
34820 88
35032 71
35244 60
35456 49
35668 46
35888 39
36100 35
36312 31
36524 31
36744 92
36956 152
37168 199
37380 231
37592 255
37812 280
38024 295
38236 304
38448 312
38660 319
38880 319
39092 319
39304 327
39516 327
39728 255
39948 195
40160 152
40372 120
40584 96
40796 79
41016 63
41228 56
41440 48
41652 39
41868 39
42084 31
42296 31
42508 48
42720 120
42936 176
43148 216
43364 248
43576 255
43788 287
44004 295
44216 305
44428 316
44644 319
44856 319
45072 319
45284 327
45496 287
45708 225
45924 176
46140 135
46352 110
46564 88
46776 71
46996 62
47208 51
47420 48
47632 39
47844 35
48064 31
48276 31
48488 81
48700 145
48912 193
49132 231
49344 255
49556 280
49768 287
49980 304
50200 312
50412 319
50624 319
50836 319
51048 327
51268 327
51480 255
51692 199
51904 158
52124 124
52336 97
52548 79
52760 63
52972 56
53192 48
53404 39
53616 39
53828 31
54040 31
54260 39
54472 113
4 39
216 35
428 31
648 35
860 112
1072 167
1284 211
1504 248
1716 255
1928 286
2140 295
2352 307
2572 316
2784 319
2996 319
3208 319
3420 327
3640 304
3852 231
4064 184
4276 142
4488 112
4708 92
4920 71
5132 63
5344 56
5556 48
5776 39
5988 35
6200 31
6412 31
6628 71
6844 142
7056 192
7268 225
7480 255
7696 275
7912 287
8124 304
8336 312
8548 318
8764 319
8976 319
9192 327
9404 327
9616 255
9832 207
10044 159
10256 127
10472 99
10684 79
10900 63
11112 56
11324 49
11536 39
11756 39
11968 35
12180 31
12392 31
12604 103
12824 163
13036 207
13248 240
13460 255
13672 284
13892 295
14104 305
14316 316
14528 319
14740 319
14960 327
15172 327
15384 312
15596 240
15808 188
16028 143
16240 113
16452 92
16664 71
16884 63
17096 56
17308 48
17520 39
17732 35
17952 31
18164 31
18376 63
18588 127
18800 184
19020 224
19232 252
19444 271
19656 287
19868 295
20088 312
20300 316
20512 319
20724 319
20936 327
21152 327
21368 280
21580 216
21792 163
22008 127
22220 103
22436 81
22648 63
22860 60
23076 49
23288 39
23500 39
23716 35
23928 31
24144 31
24356 99
24568 159
24780 199
24996 240
25212 255
25424 280
25636 295
25848 304
26060 316
26280 319
26492 319
26704 327
26916 327
27136 319
27348 248
27560 192
27772 152
27984 120
28204 96
28416 78
28628 63
28840 56
29052 48
29268 39
29484 35
29696 31
29908 31
30120 56
30336 127
30552 184
30764 224
30976 252
31188 271
31404 287
31616 304
31832 312
32044 318
32260 319
32472 319
32684 327
32896 327
33112 286
33328 216
33540 167
33752 127
33964 103
34176 88
34396 71
34608 60
34820 49
35032 46
35244 39
35464 35
35676 31
35888 31
36100 92
36320 156
36532 199
36744 231
36956 255
37168 280
37388 295
37600 304
37812 312
38024 319
38236 319
38456 319
38668 327
38880 327
39092 252
39304 193
39524 152
39736 120
39948 96
40160 79
40372 63
40592 56
40804 48
41016 39
41228 39
41448 31
41660 31
41872 49
42084 124
42296 176
42512 220
42728 248
42940 255
43152 287
43364 295
43580 312
43796 316
44008 319
44220 319
44432 327
44648 327
44860 287
45076 224
45288 176
45500 127
45716 103
45928 88
46140 71
46356 62
46572 51
46784 46
46996 39
47208 35
47420 31
47640 31
47852 88
48064 152
48276 195
48488 231
48708 255
48920 280
49132 291
49344 304
49556 312
49776 319
49988 319
50200 319
50412 327
50624 327
50844 255
51056 199
51268 156
51480 124
51700 96
51912 79
52124 63
52336 56
52548 48
52768 39
52980 39
53192 31
53404 31
53616 39
53836 120
54048 176
54260 216
54472 248
