4 63
216 63
432 71
644 79
856 88
1072 96
1284 99
1496 103
1712 112
1928 120
2140 124
2352 127
2564 127
2776 142
2996 145
3208 152
3420 159
3632 159
3844 167
4064 176
4276 177
4488 184
4700 192
4912 192
5132 199
5344 199
5556 207
5768 216
5980 216
6200 224
6412 224
6624 227
6836 231
7056 240
7268 241
7480 248
7692 252
7904 255
8124 255
8336 255
8548 255
8760 255
8972 271
9192 280
9404 275
9616 255
9828 255
10040 255
10260 248
10472 241
10684 231
10896 227
11108 224
11328 216
11540 207
11752 199
11964 199
12180 192
12396 192
12608 184
12820 176
13032 167
13248 163
13460 159
13676 156
13888 152
14100 143
14316 135
14528 127
14740 127
14956 126
15168 120
15384 113
15596 112
15808 103
16020 99
16236 96
16452 96
16664 88
16876 88
17088 79
17308 71
17520 71
17732 63
17944 63
18156 62
18376 56
18588 56
18800 48
19012 48
19224 39
19444 48
19656 56
19868 62
20080 63
20292 71
20512 79
20724 88
20936 96
21148 99
21360 103
21580 112
21792 120
22004 124
22216 127
22436 127
22648 142
22860 143
23072 152
23284 158
23504 159
23716 167
23928 176
24140 177
24352 184
24572 192
24784 192
24996 195
25208 199
25420 207
25636 211
25852 216
26064 224
26276 225
26492 227
26704 231
26920 240
27132 241
27344 248
27560 252
27772 255
27984 255
28200 255
28412 255
28628 255
28840 271
29052 275
29264 271
29476 255
29696 255
29908 255
30120 248
30332 241
30544 231
30764 227
30976 224
31188 216
31400 207
31620 206
31832 199
32044 192
32256 192
32468 184
32688 176
32900 167
33112 163
33324 159
33536 156
33756 152
33968 143
34180 135
34392 127
34604 127
34824 126
35036 120
35248 113
35460 112
35672 103
35892 99
36104 96
36316 96
36528 88
36748 88
36960 79
37172 78
37384 71
37596 63
37812 63
38028 62
38240 56
38452 56
38664 49
38880 48
39096 39
39308 48
39520 56
39732 62
39948 63
40160 71
40376 79
40588 88
40800 96
41016 97
41228 103
41440 112
41656 120
41872 124
42084 127
42296 127
42508 135
42720 143
42940 152
43152 158
43364 159
43576 167
43788 176
44008 176
44220 184
44432 192
44644 192
44856 195
45076 199
45288 207
45500 211
45712 216
45924 224
46144 224
46356 227
46568 231
46780 240
47000 241
47212 248
47424 252
47636 255
47848 255
48068 255
48280 255
48492 255
48704 271
48916 280
49136 280
49348 255
49560 255
49772 255
49984 248
50204 241
50416 238
50628 227
50840 224
51052 220
51272 209
51484 206
51696 199
51908 192
52124 192
52340 184
52552 176
52764 167
52976 163
53192 159
53404 156
53620 152
53832 143
54044 135
54260 127
54472 127
4 255
216 252
428 241
644 240
860 231
1072 224
1284 220
1496 216
1708 207
1928 199
2140 193
2352 192
2564 184
2776 176
2996 172
3208 167
3420 159
3632 158
3844 152
4064 143
4276 142
4488 127
4700 127
4912 127
5132 120
5344 120
5556 112
5768 103
5988 99
6200 96
6412 96
6624 88
6836 88
7056 79
7268 78
7480 71
7692 63
7904 63
8124 62
8336 60
8548 56
8760 49
8972 48
9192 39
9404 48
9616 56
9828 60
10040 63
10260 71
10472 79
10684 88
10896 92
11112 97
11328 103
11540 112
11752 115
11964 124
12180 127
12392 127
12608 135
12820 143
13032 152
13248 156
13460 159
13672 167
13888 167
14100 176
14316 184
14528 192
14740 192
14952 195
15168 199
15384 206
15596 207
15808 216
16020 220
16240 224
16452 227
16664 231
16876 240
17088 240
17308 248
17520 252
17732 255
17944 255
18156 255
18376 255
18588 255
18800 271
19012 280
19224 280
19444 271
19656 255
19868 255
20080 252
20292 248
20512 240
20724 231
20936 224
21148 220
21368 216
21580 207
21792 199
22004 193
22216 192
22436 184
22648 177
22860 174
23072 167
23284 159
23504 158
23716 152
23928 143
24140 142
24352 127
24568 127
24784 127
24996 120
25208 120
25424 112
25636 103
25852 103
26064 97
26276 96
26492 92
26704 88
26916 79
27132 78
27344 71
27560 63
27772 63
27984 63
28196 60
28412 56
28628 49
28840 48
29052 39
29264 46
29476 51
29696 60
29908 63
30120 71
30332 79
30552 88
30764 92
30976 96
31188 103
31400 112
31620 120
31832 124
32044 127
32256 127
32468 135
32688 143
32900 152
33112 156
33324 159
33536 167
33756 167
33968 176
34180 184
34392 192
34604 192
34824 195
35036 199
35248 207
35460 207
35680 216
35892 220
36104 224
36316 225
36528 231
36744 240
36960 240
37172 248
37384 248
37596 255
37812 255
38028 255
38240 255
38452 255
38664 271
38880 275
39092 280
39308 271
39520 255
39732 255
39948 252
40160 248
40372 240
40588 231
40804 224
41016 220
41228 216
41440 207
41652 199
41872 193
42084 192
42296 184
42508 177
42720 176
42940 167
43152 159
43364 158
43576 152
43788 143
44008 142
44220 127
44432 127
44644 127
44856 124
45076 120
45288 112
45500 103
45712 103
45932 97
46144 96
46356 92
46568 88
46780 79
47000 79
47212 71
47424 67
47636 63
47848 63
48068 60
48280 56
48492 49
48704 48
48916 39
49136 46
49348 51
49560 60
49772 63
49984 71
50204 79
50416 88
50628 92
50840 96
51056 103
51272 112
51484 115
51696 124
51908 127
52124 127
52336 135
52552 143
52764 152
52976 156
53192 159
53404 163
53616 167
53832 176
54044 184
54260 192
54472 192
