4 224
216 224
428 216
640 207
860 207
1072 199
1284 199
1496 193
1712 192
1928 192
2140 184
2352 179
2564 176
2780 174
2996 167
3208 163
3420 159
3632 159
3848 158
4060 156
4276 152
4488 152
4700 143
4916 143
5128 145
5340 156
5556 159
5768 163
5984 167
6196 176
6408 184
6620 192
6840 192
7052 195
7264 199
7476 207
7688 216
7908 216
8120 224
8332 224
8544 227
8756 231
8976 240
9188 240
9400 248
9612 248
9824 254
10044 255
10256 255
10468 255
10680 255
10892 255
11112 255
11324 271
11536 275
11748 280
11968 284
12180 284
12392 271
12604 255
12816 255
13036 255
13248 252
13460 248
13672 240
13884 231
14104 231
14316 224
14528 224
14740 216
14952 211
15172 207
15384 199
15596 199
15808 193
16020 192
16240 192
16452 184
16664 177
16876 176
17092 174
17304 167
17520 163
17732 159
17944 159
18160 158
18372 156
18584 152
18800 152
19012 143
19228 143
19440 143
19652 152
19864 159
20080 163
20296 167
20508 176
20720 184
20932 192
21152 192
21364 199
21576 199
21788 207
22000 216
22220 216
22432 224
22644 224
22856 227
23068 231
23288 240
23500 240
23712 248
23924 248
24136 254
24356 255
24568 255
24780 255
24992 255
25204 255
25424 255
25636 271
25848 280
26060 280
26280 284
26492 284
26704 280
26916 255
27128 255
27348 255
27560 254
27772 248
27984 240
28196 236
28412 231
28628 225
28840 224
29052 216
29264 211
29480 207
29696 199
29908 199
30120 193
30332 192
30548 192
30760 184
30976 179
31188 176
31404 176
31616 167
31828 167
32040 159
32256 159
32472 158
32684 156
32896 152
33108 152
33320 143
33540 143
33752 143
33964 152
34176 159
34388 163
34608 167
34820 176
35032 184
35244 192
35456 192
35676 195
35888 199
36100 207
36312 211
36532 216
36744 224
36956 224
37168 227
37380 231
37600 240
37812 240
38024 248
38236 248
38448 254
38668 255
38880 255
39092 255
39304 255
39516 255
39736 255
39948 271
40160 280
40372 280
40584 284
40804 284
41016 280
41228 255
41440 255
41656 255
41872 254
42084 248
42296 240
42508 238
42724 231
42940 225
43152 224
43364 216
43576 211
43792 207
44004 199
44220 199
44432 193
44644 192
44860 192
45072 184
45284 179
45500 176
45712 174
45928 167
46140 163
46352 159
46564 159
46784 158
46996 156
47208 152
47420 152
47632 143
47852 143
48064 143
48276 152
48488 159
48700 163
48920 167
49132 176
49344 184
49556 192
49768 192
49988 195
50200 199
50412 207
50624 211
50836 216
51056 224
51268 224
51480 227
51692 231
51908 240
52124 240
52336 248
52548 248
52760 252
52976 255
53188 255
53404 255
53616 255
53828 255
54044 255
54256 271
54468 280
4 192
220 193
432 199
644 206
860 207
1072 216
1284 220
1500 224
1712 225
1928 231
2140 231
2352 240
2564 241
2780 248
2996 252
3208 254
3420 255
3632 255
3852 255
4064 255
4276 255
4488 271
4700 271
4920 280
5132 280
5344 284
5556 280
5768 271
5988 255
6200 255
6412 255
6624 252
6836 248
7056 240
7268 231
7480 227
7692 224
7904 224
8124 216
8336 207
8548 207
8760 199
8976 195
9188 192
9400 192
9616 188
9828 184
10044 177
10256 176
10468 167
10680 167
10896 163
11112 159
11324 159
11536 156
11748 152
11960 152
12180 147
12392 143
12604 143
12816 152
13036 156
13248 159
13460 167
13672 174
13884 177
14104 184
14316 192
14528 193
14740 199
14952 199
15172 207
15384 216
15596 220
15808 224
16020 225
16240 231
16452 231
16664 240
16876 241
17088 248
17308 252
17520 254
17732 255
17944 255
18164 255
18376 255
18588 255
18800 255
19012 271
19232 275
19444 280
19656 284
19868 280
20080 271
20296 255
20512 255
20724 255
20936 252
21148 248
21364 240
21580 231
21792 227
22004 224
22216 224
22432 216
22644 207
22860 206
23072 199
23288 195
23500 192
23712 192
23924 184
24140 184
24356 177
24568 176
24780 167
24992 167
25204 163
25424 159
25636 159
25848 158
26060 156
26272 152
26492 147
26704 143
26916 143
27128 147
27340 156
27560 159
27772 167
27984 174
28196 177
28416 184
28628 192
28840 193
29052 199
29264 199
29484 207
29696 216
29908 220
30120 224
30332 225
30552 231
30764 231
30976 240
31188 241
31400 248
31620 248
31832 254
32044 255
32256 255
32468 255
32688 255
32900 255
33112 255
33324 271
33540 280
33756 280
33968 284
34180 284
34392 275
34608 255
34824 255
35036 255
35248 252
35460 248
35676 240
35888 231
36104 227
36316 224
36528 224
36744 216
36956 207
37168 207
37384 199
37596 195
37812 193
38024 192
38236 192
38448 184
38668 177
38880 176
39092 167
39304 167
39516 163
39736 159
39948 159
40160 158
40372 156
40584 152
40804 152
41016 143
41228 143
41440 143
41652 152
41872 159
42084 163
42296 167
42508 176
42720 184
42940 192
43152 192
43364 199
43576 199
43792 207
44008 216
44220 216
44432 224
44644 224
44860 227
45072 231
45288 240
45500 240
45712 248
45928 248
46140 254
46352 255
46568 255
46780 255
46996 255
47208 255
47420 255
47632 271
47852 280
48064 280
48276 284
48488 284
48700 280
48920 255
49132 255
49344 255
49556 252
49768 248
49988 240
50200 231
50412 227
50624 224
50836 224
51056 216
51268 207
51480 207
51692 199
51904 195
52124 193
52336 192
52548 192
52760 184
52980 177
53192 176
53404 174
53616 167
53828 163
54048 159
54260 159
54472 158
4 255
220 271
432 275
644 280
860 280
1072 284
1288 280
1500 255
1712 255
1928 255
2140 254
2352 248
2568 241
2780 240
2996 231
3208 225
3420 224
3632 216
3848 216
4064 207
4276 199
4488 199
4700 193
4920 192
5132 192
5344 184
5556 184
5768 176
5988 176
6200 167
6412 167
6624 159
6836 159
7056 158
7268 156
7480 152
7692 152
7904 143
8124 143
8336 143
8548 152
8760 159
8972 159
9192 167
9404 176
9616 184
9828 192
10048 192
10260 195
10472 199
10684 207
10896 207
11116 216
11328 224
11540 224
11752 227
11964 231
12184 240
12396 240
12608 248
12820 248
13032 252
13248 255
13464 255
13676 255
13888 255
14100 255
14316 255
14532 271
14744 280
14956 280
15172 284
15384 284
15596 280
15812 271
16024 255
16240 255
16452 255
16664 248
16876 241
17092 240
17308 231
17520 225
17732 224
17944 216
18156 216
18376 207
18588 199
18800 199
19012 195
19224 192
19444 192
19656 184
19868 184
20080 176
20300 176
20512 167
20724 167
20936 159
21148 159
21368 159
21580 156
21792 152
22004 152
22216 143
22436 143
22648 143
22860 152
23072 158
23284 159
23504 167
23716 176
23928 184
24140 192
24352 192
24572 195
24784 199
24996 207
25208 207
25428 216
25640 224
25852 224
26064 227
26276 231
26492 231
26708 240
26920 243
27132 248
27344 252
27560 255
27776 255
27988 255
28200 255
28412 255
28628 255
28840 271
29056 275
29268 280
29480 284
29696 284
29908 280
30120 271
30332 255
30552 255
30764 255
30976 248
31188 241
31400 240
31620 231
31832 227
32044 224
32256 220
32468 216
32684 207
32900 206
33112 199
33324 195
33536 192
33752 192
33964 184
34180 184
34392 176
34604 176
34820 167
35032 167
35244 159
35460 159
35676 159
35888 156
36100 152
36312 152
36524 145
36744 143
36956 143
37168 152
37380 158
37592 159
37812 167
38024 176
38236 179
38448 184
38660 192
38880 193
39092 199
39304 207
39516 207
39736 216
39948 220
40160 224
40372 227
40584 231
40804 231
41016 240
41228 243
41440 248
41652 252
41872 255
42084 255
42296 255
42508 255
42720 255
42940 255
43152 271
43364 271
43576 280
43788 280
44008 284
44220 280
44432 271
44644 255
44860 255
45076 255
45288 248
45500 248
45712 240
45928 231
46140 227
46356 224
46568 220
46780 216
46996 207
47208 206
47420 199
47636 195
47848 192
48064 192
48276 184
48488 184
48700 177
48916 176
49132 167
49344 167
49556 163
49768 159
49988 159
50200 156
50412 152
50624 152
50836 143
51056 143
51268 143
51480 152
51692 156
51904 159
52124 167
52336 176
52548 179
52760 184
52972 192
53192 193
53404 199
53616 206
53828 207
54040 216
54260 220
54472 224
4 240
216 231
428 225
644 224
856 216
1072 216
1284 207
1496 199
1708 199
1928 195
2140 192
2352 192
2564 184
2776 184
2996 176
3208 176
3420 167
3632 167
3844 159
4064 159
4276 158
4488 156
4700 152
4912 152
5132 143
5344 143
5556 143
5768 152
5980 158
6200 159
6412 167
6624 176
6836 184
7056 188
7268 192
7480 195
7692 199
7904 207
8124 207
8336 216
8548 224
8760 224
8972 227
9192 231
9404 238
9616 240
9828 243
10040 248
10260 252
10472 255
10684 255
10896 255
11108 255
11324 255
11540 255
11752 271
11964 275
12180 280
12392 280
12608 284
12820 280
13032 271
13248 255
13460 255
13672 255
13888 248
14100 241
14316 240
14528 231
14740 227
14952 224
15168 220
15384 216
15596 207
15808 206
16020 199
16232 195
16452 192
16664 192
16876 184
17088 184
17308 176
17520 176
17732 167
17944 167
18156 163
18376 159
18588 159
18800 156
19012 152
19224 152
19444 143
19656 143
19868 143
20080 152
20292 158
20512 159
20724 167
20936 176
21148 184
21360 188
21580 192
21792 195
22004 199
22216 207
22436 207
22648 216
22860 220
23072 224
23284 227
23500 231
23716 231
23928 240
24140 241
24352 248
24568 252
24784 255
24996 255
25208 255
25420 255
25636 255
25848 255
26064 271
26276 271
26488 280
26704 280
26916 284
27128 280
27344 271
27560 255
27772 255
27984 255
28196 248
28408 241
28628 240
28840 231
29052 227
29264 224
29476 220
29696 216
29908 207
30120 206
30332 199
30544 195
30764 192
30976 192
31188 184
31400 184
31620 177
31832 176
32044 167
32256 167
32468 163
32688 159
32900 159
33112 156
33324 152
33536 152
33756 147
33968 143
34180 143
34392 152
34604 156
34824 159
35036 167
35248 176
35460 177
35672 184
35892 192
36104 193
36316 199
36528 206
36744 207
36960 216
37172 220
37384 224
37596 225
37812 231
38028 231
38240 240
38452 241
38664 248
38880 252
39092 255
39308 255
39520 255
39732 255
39948 255
40160 255
40372 271
40588 271
40800 280
41016 280
41228 284
41440 280
41652 271
41872 255
42084 255
42296 255
42508 252
42720 248
42940 240
43152 231
43364 227
43576 224
43788 220
44008 216
44220 207
44432 206
44644 199
44856 195
45076 192
45288 192
45500 188
45712 184
45924 177
46144 176
46356 167
46568 167
46780 163
47000 159
47212 159
47424 156
47636 152
47848 152
48068 147
48280 143
48492 143
48704 152
48916 156
49136 159
49348 167
49560 176
49772 177
49984 184
50204 192
50416 193
50628 199
50840 206
51052 207
51268 216
51484 220
51696 224
51908 225
52124 231
52336 231
52552 240
52764 240
52976 248
53192 252
53404 254
53616 255
53832 255
54044 255
54260 255
54472 255
4 199
216 195
428 192
640 192
852 184
1072 184
1284 177
1496 176
1708 167
1920 167
2140 163
2352 159
2564 159
2776 156
2988 156
3208 152
3420 147
3632 143
3844 143
4064 147
4276 156
4488 159
4700 163
4912 174
5132 176
5344 184
5556 192
5768 192
5980 195
6196 199
6412 207
6624 216
6836 220
7048 224
7264 225
7476 231
7692 231
7904 240
8116 241
8332 248
8544 248
8756 254
8972 255
9188 255
9400 255
9612 255
9824 255
10036 271
10256 271
10468 280
10680 280
10892 284
11104 280
11324 271
11536 255
11748 255
11960 255
12172 252
12392 248
12604 240
12816 231
13028 227
13240 224
13460 224
13672 216
13884 207
14096 207
14316 199
14528 199
14740 193
14952 192
15164 192
15384 184
15596 177
15808 176
16020 176
16232 167
16452 163
16664 159
16876 159
17088 158
17300 152
17520 152
17732 147
17944 143
18156 143
18368 143
18584 156
18796 159
19008 163
19220 167
19440 176
19652 184
19864 192
20076 192
20288 195
20508 199
20720 207
20932 216
21144 216
21356 224
21576 225
21788 227
22000 231
22212 240
22424 240
22644 248
22856 248
23068 252
23280 255
23492 255
23712 255
23924 255
24136 255
24348 255
24564 271
24780 280
24992 280
25204 284
25416 284
25632 280
25844 255
26060 255
26272 255
26484 254
26700 248
26912 240
27124 231
27340 231
27552 225
27768 224
27980 216
28192 211
28404 207
28624 199
28836 199
29048 193
29260 192
29472 192
29692 184
29904 184
30116 176
30328 174
30540 167
30760 163
30972 159
31184 159
31396 158
31608 156
31828 152
32040 152
32252 143
32464 143
32676 143
32896 152
33108 159
33320 163
33532 167
33752 176
33964 184
34176 192
34388 192
34600 195
34820 199
35032 207
35244 211
35456 216
35668 224
35888 224
36100 227
36312 231
36524 240
36736 240
36956 248
37168 248
37380 252
37592 255
37804 255
38020 255
38236 255
38448 255
38660 255
38876 271
39088 280
39304 280
39516 284
39728 286
39944 280
40156 255
40368 255
40584 255
40796 254
41012 248
41224 240
41436 231
41648 227
41864 224
42080 224
42292 216
42504 211
42716 207
42928 199
43148 199
43360 195
43572 192
43784 192
44004 184
44216 184
44428 176
44640 174
44852 167
45072 167
45284 159
45496 159
45708 158
45920 156
46140 152
46352 152
46564 143
46776 143
46988 143
47208 152
47420 159
47632 163
47844 167
48056 176
48276 184
48488 192
48700 192
48912 195
49132 199
49344 207
49556 211
49768 216
49980 224
50196 224
50412 227
50624 231
50836 240
51048 240
51264 248
51480 248
51692 252
51904 255
52116 255
52332 255
52544 255
52760 255
52972 255
53184 271
53400 271
53612 280
53824 280
54036 284
54256 280
54468 255
4 192
224 192
436 184
648 184
860 176
1080 176
1292 167
1504 167
1716 159
1928 159
2144 158
2360 156
2572 152
2784 152
2996 143
3212 143
3428 143
3640 152
3852 159
4064 163
4280 167
4492 176
4708 184
4920 192
5132 192
5348 195
5560 199
5772 207
5984 211
6204 216
6416 224
6628 224
6840 227
7052 231
7272 240
7484 240
7696 248
7908 248
8120 252
8336 255
8552 255
8764 255
8976 255
9188 255
9404 255
9616 271
9832 271
10044 280
10256 280
10472 286
10684 280
10896 255
11112 255
11328 255
11540 254
11752 248
11964 241
12176 240
12396 231
12608 225
12820 224
13032 220
13244 216
13464 207
13676 199
13888 199
14100 195
14312 192
14532 192
14744 184
14956 184
15168 176
15388 176
15600 167
15812 167
16024 159
16236 159
16456 158
16668 156
16880 152
17092 152
17304 143
17524 143
17736 143
17948 152
18160 158
18372 159
18592 167
18804 176
19016 179
19228 184
19440 192
19660 193
19872 199
20084 207
20296 207
20512 216
20728 224
20940 224
21152 227
21364 231
21580 238
21796 240
22008 248
22220 248
22432 252
22648 255
22860 255
23076 255
23288 255
23500 255
23716 255
23928 271
24140 271
24356 280
24568 280
24784 284
24996 280
25208 271
25420 255
25640 255
25852 255
26064 248
26276 243
26488 240
26708 231
26920 227
27132 224
27344 220
27556 216
27776 207
27988 199
28200 199
28412 195
28624 192
28844 192
29056 184
29268 184
29480 176
29692 176
29912 167
30124 167
30336 163
30548 159
30768 159
30980 156
31192 152
31404 152
31616 147
31836 143
32048 143
32260 152
32472 158
32684 159
32904 167
33116 176
33328 177
33540 184
33752 192
33968 195
34184 199
34396 206
34608 207
34820 216
35036 220
35252 224
35464 227
35676 231
35892 238
36104 240
36316 243
36532 248
36744 252
36960 255
37172 255
37384 255
37596 255
37812 255
38028 255
38240 271
38452 271
38664 280
38876 280
39096 284
39308 280
39520 271
39732 255
39944 255
40164 255
40376 248
40588 248
40800 240
41020 231
41232 227
41444 224
41656 220
41868 216
42088 207
42300 206
42512 199
42724 195
42936 192
43152 192
43368 188
43580 184
43792 176
44004 176
44220 167
44436 167
44648 163
44860 159
45072 159
45288 158
45500 152
45716 152
45928 147
46144 143
46356 143
46568 152
46780 156
46996 159
47212 167
47424 176
47636 177
47848 184
48060 192
48280 193
48492 199
48704 199
48916 207
49128 216
49348 216
49560 224
49772 225
49984 231
50204 231
50416 240
50628 241
50840 248
51052 252
51272 254
51484 255
51696 255
51908 255
52120 255
52340 255
52552 271
52764 271
52976 280
53188 280
53408 284
53620 280
53832 271
54044 255
54256 255
54476 255
4 195
224 192
436 192
648 184
860 184
1072 176
1292 176
1504 167
1716 167
1928 163
2140 159
2360 159
2572 156
2784 152
2996 152
3216 143
3428 143
3640 143
3852 152
4064 158
4284 159
4496 167
4708 176
4920 179
5132 188
5352 192
5564 195
5776 199
5988 207
6200 207
6420 216
6632 224
6844 224
7056 227
7272 231
7488 236
7700 240
7912 243
8124 248
8340 252
8556 255
8768 255
8980 255
9192 255
9408 255
9620 255
9836 271
10048 271
10260 280
10476 280
10688 280
10900 280
11116 255
11328 255
11544 255
11756 255
11968 248
12180 243
12400 240
12612 231
12824 227
13036 224
13248 220
13468 216
13680 207
13892 206
14104 199
14316 195
14536 192
14748 192
14960 184
15172 184
15384 177
15604 176
15816 167
16028 167
16240 163
16452 159
16672 159
16884 156
17096 152
17308 152
17528 145
17740 143
17952 143
18164 152
18376 156
18596 159
18808 167
19020 176
19232 179
19444 184
19664 192
19876 193
20088 199
20300 199
20512 207
20728 216
20944 220
21156 224
21368 225
21580 231
21796 231
22012 240
22224 243
22436 248
22652 252
22864 255
23076 255
23292 255
23504 255
23720 255
23932 255
24144 271
24356 271
24572 280
24788 280
25000 284
25212 280
25424 271
25636 255
25856 255
26068 255
26280 248
26492 241
26704 240
26924 231
27136 225
27348 224
27560 220
27780 216
27992 207
28204 206
28416 199
28628 195
28848 192
29060 192
29272 188
29484 184
29696 177
29916 176
30128 167
30340 167
30552 163
30764 159
30984 159
31196 156
31408 152
31620 152
31832 147
32048 143
32260 143
32472 152
32684 156
32904 159
33116 167
33328 176
33540 177
33752 184
33972 192
34184 193
34396 199
34608 206
34820 207
35036 216
35252 220
35464 224
35676 225
35888 231
36104 231
36320 240
36532 241
36744 248
36956 252
37172 254
37384 255
37600 255
37812 255
38028 255
38240 255
38452 271
38664 271
38880 280
39096 280
39308 284
39520 284
39732 271
39944 255
40164 255
40376 255
40588 252
40800 248
41012 240
41232 231
41444 227
41656 224
41868 220
42088 216
42300 207
42512 206
42724 199
42936 195
43156 192
43368 192
43580 188
43792 184
44004 177
44224 176
44436 167
44648 167
44860 163
45072 159
45292 159
45504 158
45716 156
45928 152
46140 152
46360 143
46572 143
46784 147
46996 156
47216 159
47428 167
47640 167
47852 177
48064 184
48280 192
48496 193
48708 199
48920 199
49132 207
49348 216
49564 216
49776 224
49988 224
50200 227
50416 231
50628 240
50844 240
51056 248
51268 248
51484 254
51696 255
51908 255
52124 255
52340 255
52552 255
52764 255
52976 271
53188 280
53408 280
53620 284
53832 284
54044 271
54256 255
54476 255
4 216
220 216
432 207
644 199
856 199
1068 195
1288 192
1500 192
1712 184
1924 184
2136 176
2356 176
2568 167
2780 167
2992 163
3204 159
3424 159
3636 156
3848 152
4060 152
4280 143
4492 143
4704 143
4916 152
5128 158
5348 159
5560 167
5772 176
5984 184
6196 188
6416 192
6628 195
6840 199
7052 207
7264 207
7484 216
7696 224
7908 224
8120 227
8332 231
8548 238
8764 240
8976 243
9188 248
9404 252
9616 255
9832 255
10044 255
10256 255
10472 255
10684 255
10896 271
11112 275
11324 280
11540 280
11752 284
11964 280
12176 271
12392 255
12608 255
12820 255
13032 248
13244 241
13456 240
13676 231
13888 227
14100 224
14312 220
14532 216
14744 207
14956 206
15168 199
15380 195
15600 192
15812 192
16024 184
16236 184
16448 176
16668 176
16880 167
17092 167
17304 163
17516 159
17736 159
17948 156
18160 152
18372 152
18584 143
18804 143
19016 143
19228 152
19440 158
19660 159
19872 167
20084 176
20296 177
20508 184
20728 192
20940 193
21152 199
21364 206
21576 207
21792 216
22008 220
22220 224
22432 227
22644 231
22860 231
23076 240
23288 241
23500 248
23712 252
23928 255
24140 255
24352 255
24564 255
24784 255
24996 255
25208 271
25420 271
25632 280
25852 280
26064 284
26276 280
26488 271
26700 255
26916 255
27132 255
27344 252
27556 248
27768 240
27984 231
28200 227
28412 224
28624 220
28836 216
29052 207
29264 206
29480 199
29692 195
29908 192
30120 192
30332 184
30544 184
30760 177
30976 176
31188 167
31400 167
31612 163
31824 159
32044 159
32256 156
32468 152
32680 152
32892 147
33112 143
33324 143
33536 152
33748 156
33968 159
34180 167
34392 172
34604 177
34816 184
35036 192
35248 193
35460 199
35672 199
35884 207
36104 216
36316 220
36528 224
36740 225
36952 231
37172 231
37384 240
37596 241
37808 248
38020 248
38240 252
38452 255
38664 255
38876 255
39096 255
39308 255
39520 271
39732 271
39944 280
40160 280
40376 284
40588 280
40800 271
41012 255
41228 255
41444 255
41656 252
41868 248
42080 240
42296 231
42508 227
42724 224
42936 224
43148 216
43364 207
43576 207
43788 199
44004 195
44220 193
44432 192
44644 192
44856 184
45068 177
45288 176
45500 167
45712 167
45924 163
46136 159
46356 159
46568 158
46780 152
46992 152
47204 152
47424 143
47636 143
47848 147
48060 156
48272 159
48492 167
48704 172
48916 177
49128 184
49348 192
49560 193
49772 199
49984 199
50196 207
50416 216
50628 220
50840 224
51052 225
51264 227
51484 231
51696 240
51908 241
52120 248
52332 248
52552 254
52764 255
52976 255
53188 255
53400 255
53616 255
53832 271
54044 271
54256 280
54472 280
4 255
216 254
436 248
648 241
860 240
1072 231
1292 225
1504 224
1716 216
1928 216
2140 207
2360 199
2572 199
2784 193
2996 192
3208 192
3428 184
3640 179
3852 176
4064 176
4276 167
4492 167
4708 159
4920 159
5132 159
5344 156
5560 152
5776 152
5988 143
6200 143
6416 143
6628 152
6840 158
7056 159
7268 167
7484 176
7696 184
7908 192
8120 192
8336 193
8552 199
8764 206
8976 207
9188 216
9400 220
9620 224
9832 227
10044 231
10256 236
10468 240
10688 248
10900 248
11112 252
11324 255
11544 255
11756 255
11968 255
12180 255
12392 255
12612 271
12824 271
13036 280
13248 284
13460 284
13680 280
13892 271
14104 255
14316 255
14528 255
14748 248
14960 241
15172 240
15384 231
15596 225
15816 224
16028 220
16240 216
16452 207
16672 199
16884 199
17096 195
17308 192
17520 192
17736 184
17952 184
18164 176
18376 176
18588 167
18804 167
19020 163
19232 159
19444 159
19656 156
19872 152
20084 152
20300 143
20512 143
20724 143
20940 152
21152 158
21364 159
21580 167
21796 176
22008 184
22220 184
22432 192
22644 195
22864 199
23076 206
23288 207
23500 216
23712 220
23932 224
24144 227
24356 231
24568 231
24780 240
25000 241
25212 248
25424 252
25636 255
25856 255
26068 255
26280 255
26492 255
26704 255
26924 271
27136 271
27348 280
27560 280
27772 284
27992 280
28204 271
28416 255
28628 255
28840 255
29060 252
29272 248
29484 240
29696 231
29908 227
30128 224
30340 220
30552 216
30764 207
30980 206
31196 199
31408 195
31620 192
31832 192
32048 184
32260 184
32476 177
32688 176
32900 167
33116 167
33328 163
33540 159
33756 159
33968 156
34184 156
34396 152
34608 145
34820 143
35036 143
35252 152
35464 156
35676 159
35888 167
36108 176
36320 177
36532 184
36744 192
36956 193
37176 199
37388 206
37600 207
37812 216
38024 220
38244 224
38456 225
38668 231
38880 231
39092 240
39312 241
39524 248
39736 252
39948 254
40160 255
40380 255
40592 255
40804 255
41016 255
41236 255
41448 271
41660 275
41872 280
42084 280
42304 280
42516 271
42728 255
42940 255
43152 255
43372 252
43584 248
43796 240
44008 231
44220 227
44436 224
44652 220
44864 216
45076 207
45288 207
45504 199
45720 195
45932 192
46144 192
46360 188
46572 184
46784 177
47000 176
47212 167
47428 167
47640 163
47852 159
48064 159
48280 156
48496 152
48708 152
48920 147
49132 143
49344 143
49564 147
49776 156
49988 159
50200 167
50412 174
50632 177
50844 184
51056 192
51268 193
51488 199
51700 199
51912 207
52124 216
52336 220
52556 224
52768 225
52980 231
53192 231
53404 240
53620 241
53836 248
54048 248
54260 254
54472 255
4 255
220 255
436 271
648 271
860 280
1072 280
1284 284
1504 280
1716 271
1928 255
2140 255
2352 255
2572 252
2784 248
2996 240
3208 231
3428 227
3640 224
3852 220
4064 216
4276 207
4496 207
4708 199
4920 195
5132 192
5344 192
5564 188
5776 184
5988 177
6200 176
6412 167
6632 167
6844 163
7056 159
7268 159
7480 156
7700 152
7912 152
8124 147
8336 143
8552 143
8768 152
8980 156
9192 159
9404 167
9620 176
9836 177
10048 184
10260 192
10472 193
10688 199
10900 199
11116 207
11328 216
11540 220
11756 224
11968 225
12180 231
12396 231
12608 240
12824 241
13036 248
13248 252
13460 254
13680 255
13892 255
14104 255
14316 255
14528 255
14748 271
14960 271
15172 280
15384 280
15596 284
15816 280
16028 271
16240 255
16452 255
16664 255
16884 252
17096 248
17308 240
17520 231
17740 227
17952 224
18164 224
18376 216
18588 207
18808 207
19020 199
19232 195
19444 192
19656 192
19876 184
20088 184
20300 177
20512 176
20724 167
20944 167
21156 163
21368 159
21580 159
21792 158
22008 156
22224 152
22436 152
22648 143
22864 143
23076 147
23292 156
23504 159
23716 163
23932 167
24144 176
24356 184
24572 192
24784 192
25000 199
25212 199
25424 207
25636 216
25852 216
26068 224
26280 225
26492 227
26704 231
26916 240
27136 240
27348 248
27560 248
27772 252
27992 255
28204 255
28416 255
28628 255
28840 255
29060 255
29272 271
29484 280
29696 280
29908 284
30128 284
30340 275
30552 255
30764 255
30976 255
31196 252
31408 248
31620 240
31832 238
32044 231
32264 224
32476 224
32688 216
32900 211
33120 207
33332 199
33544 199
33756 193
33968 192
34188 192
34400 184
34612 179
34824 176
35036 176
35252 167
35468 167
35680 159
35892 159
36104 158
36320 156
36536 152
36748 152
36960 143
37172 143
37388 143
37600 152
37816 159
38028 163
38244 167
38456 176
38668 184
38880 192
39096 192
39312 195
39524 199
39736 207
39948 211
40160 216
40380 224
40592 224
40804 227
41016 231
41228 240
41448 240
41660 248
41872 248
42084 254
42296 255
42516 255
42728 255
42940 255
43152 255
43372 255
43584 271
43796 271
44008 280
44220 280
44440 284
44652 280
44864 255
45076 255
45288 255
45504 254
45720 248
45932 241
46144 240
46356 231
46572 225
46784 224
47000 216
47212 216
47424 207
47640 199
47852 199
48064 195
48280 192
48496 192
48708 184
48920 179
49132 176
49344 167
49564 167
49776 163
49988 159
50200 159
50412 158
50632 156
50844 152
51056 152
51268 143
51480 143
51700 143
51912 152
52124 159
52336 159
52556 167
52768 176
52980 184
53192 192
53404 192
53624 195
53836 199
54048 207
54260 209
54472 216
