4 103
216 103
428 99
640 99
860 97
1072 96
1284 96
1496 94
1708 92
1928 88
2140 88
2352 88
2564 83
2776 88
2996 88
3208 92
3420 96
3632 96
3844 97
4064 99
4276 99
4488 103
4700 103
4912 103
5132 112
5344 112
5556 112
5768 115
5988 120
6200 120
6412 120
6624 124
6836 126
7052 127
7268 127
7480 127
7692 127
7904 127
8120 126
8336 124
8548 120
8760 120
8972 113
9188 112
9400 112
9616 112
9828 103
10040 103
10256 103
10468 99
10680 97
10896 96
11112 96
11324 96
11536 92
11748 92
11960 88
12180 88
12392 88
12604 83
12816 88
13028 88
13248 92
13460 96
13672 96
13884 96
14096 99
14316 99
14528 103
14740 103
14952 103
15164 112
15384 112
15596 112
15808 115
16020 120
16240 120
16452 124
16664 124
16876 126
17088 127
17308 127
17520 127
17732 127
17944 127
18156 124
18376 124
18588 120
18800 120
19012 113
19224 112
19444 112
19656 110
19868 103
20080 103
20296 103
20512 99
20724 97
20936 96
21148 96
21364 96
21580 92
21792 92
22004 88
22216 88
22432 88
22644 88
22860 88
23072 88
23284 92
23500 96
23712 96
23924 97
24140 99
24352 103
24568 103
24780 103
24992 103
25204 112
25424 112
25636 113
25848 115
26060 120
26272 120
26492 124
26704 124
26916 126
27128 127
27340 127
27560 127
27772 127
27984 127
28196 124
28408 124
28628 120
28840 120
29052 113
29264 112
29476 112
29696 103
29908 103
30120 103
30332 103
30552 99
30764 97
30976 96
31188 96
31400 96
31620 92
31832 92
32044 88
32256 88
32468 88
32688 83
32900 88
33112 88
33324 92
33536 96
33756 96
33968 97
34180 99
34392 99
34604 103
34820 103
35036 110
35248 112
35460 112
35676 113
35888 115
36104 120
36316 120
36528 124
36744 124
36956 126
37168 127
37384 127
37596 127
37812 127
38024 127
38236 126
38448 124
38664 120
38880 120
39092 113
39304 112
39516 112
39728 110
39948 103
40160 103
40372 103
40584 99
40804 97
41016 96
41228 96
41440 96
41652 92
41872 88
42084 88
42296 88
42508 88
42720 88
42940 88
43152 88
43364 92
43576 96
43788 96
44008 97
44220 99
44432 103
44644 103
44856 103
45076 110
45288 112
45500 112
45712 113
45932 120
46144 120
46356 120
46568 124
46780 124
46996 126
47212 127
47424 127
47636 127
47848 127
48064 127
48280 124
48492 124
48704 120
48916 120
49132 113
49344 112
49560 112
49772 103
49984 103
50200 103
50412 99
50624 99
50840 97
51056 96
51268 96
51480 96
51692 92
51904 92
52124 88
52336 88
52548 88
52760 88
52972 88
53192 92
53404 92
53616 96
53828 96
54040 97
54260 99
54472 103
4 124
216 127
428 127
640 127
860 127
1072 127
1284 126
1496 124
1716 120
1928 120
2140 120
2352 113
2564 112
2780 112
2996 103
3208 103
3420 103
3632 99
3848 99
4064 97
4276 96
4488 96
4700 96
4916 92
5128 88
5344 88
5556 88
5768 83
5984 88
6196 88
6408 92
6624 96
6840 96
7052 96
7264 97
7476 99
7688 103
7908 103
8120 103
8332 112
8544 112
8756 112
8976 113
9188 120
9400 120
9612 120
9824 124
10044 126
10256 127
10468 127
10680 127
10892 127
11112 127
11324 126
11536 124
11748 120
11968 120
12180 120
12392 113
12604 112
12816 112
13036 103
13248 103
13460 103
13672 99
13884 99
14104 97
14316 96
14528 96
14740 96
14952 92
15172 88
15384 88
15596 88
15808 83
16024 88
16240 88
16452 92
16664 96
16876 96
17092 96
17304 97
17520 99
17732 103
17944 103
18160 103
18372 112
18584 112
18800 112
19012 113
19228 120
19440 120
19652 120
19864 124
20080 126
20296 127
20508 127
20720 127
20932 127
21152 127
21364 126
21576 124
21788 120
22000 120
22220 115
22432 112
22644 112
22856 112
23068 103
23288 103
23500 103
23712 99
23924 97
24136 96
24356 96
24568 96
24780 94
24992 92
25204 88
25424 88
25636 88
25848 83
26060 88
26280 88
26492 92
26704 96
26916 96
27128 96
27348 97
27560 99
27772 103
27984 103
28196 103
28416 112
28628 112
28840 112
29052 113
29264 120
29480 120
29696 120
29908 124
30120 126
30332 127
30548 127
30764 127
30976 127
31188 127
31404 126
31616 124
31828 120
32044 120
32256 115
32472 112
32684 112
32896 112
33108 103
33324 103
33540 103
33752 99
33964 99
34176 97
34388 96
34608 96
34820 92
35032 92
35244 88
35456 88
35676 88
35888 83
36100 88
36312 88
36532 92
36744 96
36956 96
37168 96
37380 99
37600 99
37812 103
38024 103
38236 103
38448 112
38668 112
38880 112
39092 115
39304 120
39516 120
39736 120
39948 124
40160 126
40372 127
40584 127
40804 127
41016 127
41228 127
41440 124
41660 124
41872 120
42084 120
42296 113
42508 112
42724 112
42940 112
43152 103
43364 103
43576 103
43792 99
44008 99
44220 96
44432 96
44644 96
44860 92
45072 92
45288 88
45500 88
45712 88
45928 88
46140 88
46352 88
46568 92
46784 96
46996 96
47208 96
47420 99
47632 99
47852 103
48064 103
48276 103
48488 112
48700 112
48920 113
49132 115
49344 120
49556 120
49768 120
49988 124
50200 126
50412 127
50624 127
50844 127
51056 127
51268 127
51480 124
51692 124
51912 120
52124 120
52336 115
52548 112
52760 112
52980 110
53192 103
53404 103
53616 103
53828 99
54048 97
54260 96
54472 96
