4 79
216 79
428 79
640 79
856 79
1068 81
1284 83
1496 88
1708 88
1924 88
2136 88
2348 88
2564 88
2776 88
2992 88
3204 88
3416 92
3628 92
3844 92
4060 92
4272 92
4484 92
4696 96
4916 96
5128 96
5340 96
5552 96
5764 96
5984 96
6196 96
6408 96
6620 96
6832 97
7052 97
7264 97
7476 99
7688 99
7900 99
8120 99
8332 99
8544 103
8756 103
8968 103
9188 103
9400 103
9612 103
9824 103
10044 103
10256 103
10468 103
10680 103
10892 108
11112 110
11324 110
11536 112
11748 112
11960 112
12176 112
12392 112
12604 112
12816 112
13028 112
13244 112
13460 112
13672 113
13884 113
14096 113
14312 115
14524 120
14736 120
14948 120
15168 120
15380 120
15592 120
15804 120
16016 120
16236 120
16448 120
16660 120
16872 124
17084 124
17300 124
17516 124
17728 124
17940 124
18152 126
18368 126
18584 127
18796 126
19008 127
19220 127
19436 127
19648 127
19864 127
20076 127
20292 127
20504 127
20716 127
20928 127
21144 127
21360 127
21572 127
21784 127
21996 127
22208 127
22428 127
22640 127
22852 127
23064 127
23276 127
23496 127
23708 127
23920 127
24132 135
24352 135
24564 135
24776 135
24988 135
25200 135
25420 135
25632 135
25844 135
26056 135
26268 142
26488 142
26700 142
26912 143
27124 143
27336 143
27556 143
27768 143
27980 143
28192 143
28404 143
28624 143
28836 143
29048 143
29260 143
29480 143
29692 143
29904 147
30116 147
30328 147
30544 152
30760 152
30972 152
31184 152
31396 152
31612 152
31828 152
32040 152
32252 152
32464 152
32680 152
32892 152
33108 152
33320 152
33532 156
33748 156
33960 156
34172 156
34388 156
34604 156
34816 156
35028 156
35240 158
35452 158
35672 158
35884 158
36096 159
36308 159
36520 159
36740 159
36952 159
37164 159
37376 159
37588 159
37808 159
38020 159
38232 159
38444 159
38656 159
38876 159
39088 159
39300 159
39512 159
39732 159
39944 159
40156 163
40368 163
40580 163
40800 163
41012 163
41224 163
41436 167
41648 167
41868 167
42080 167
42292 167
42504 167
42716 167
42936 167
43148 167
43360 167
43572 167
43784 167
44004 167
44216 167
44428 167
44640 167
44856 167
45072 167
45284 167
45496 174
45708 174
45924 174
46136 176
46352 176
46564 176
46776 176
46992 176
47204 176
47416 176
47632 176
47844 176
48060 174
48272 167
48484 167
48696 167
48908 167
49128 167
49340 167
49552 167
49764 167
49984 163
50196 163
50408 163
50620 159
50832 159
51052 159
51264 159
51476 159
51688 159
51900 159
52120 159
52332 159
52544 158
52756 158
52968 156
53184 156
53400 156
53612 156
53824 152
54036 152
54252 152
54468 152
8 152
220 152
432 152
648 152
860 152
1076 156
1288 156
1500 156
1716 156
1928 156
2140 156
2356 156
2572 156
2784 158
2996 158
3208 158
3420 158
3640 159
3852 159
4064 159
4276 159
4488 159
4708 159
4920 159
5132 159
5344 159
5556 159
5776 159
5988 159
6200 159
6412 159
6632 159
6844 159
7056 159
7268 159
7480 159
7700 163
7912 163
8124 163
8336 163
8548 163
8768 163
8980 167
9192 167
9404 167
9616 167
9836 167
10048 167
10260 167
10472 167
10684 167
10904 167
11116 167
11328 167
11540 167
11756 167
11972 167
12184 167
12396 167
12608 167
12824 174
13040 174
13252 174
13464 176
13676 176
13892 176
14104 176
14320 176
14532 176
14744 176
14960 176
15172 176
15384 174
15600 174
15812 167
16028 167
16240 167
16452 167
16664 167
16884 167
17096 167
17308 167
17520 163
17732 163
17952 163
18164 159
18376 159
18588 159
18800 159
19020 159
19232 159
19444 159
19656 159
19868 159
20088 159
20300 158
20512 158
20724 156
20936 156
21156 156
21368 156
21580 152
21792 152
22012 152
22224 152
22436 152
22648 152
22860 152
23080 152
23292 147
23504 143
23716 143
23928 143
24148 143
24360 143
24572 143
24784 143
24996 143
25216 143
25428 142
25640 142
25852 135
26064 135
26280 135
26496 135
26708 135
26920 135
27136 135
27348 127
27564 127
27776 127
27988 127
28204 127
28416 127
28628 127
28844 127
29056 127
29272 127
29484 127
29696 127
29908 127
30124 127
30340 127
30552 127
30764 127
30976 127
31188 127
31408 127
31620 126
31832 126
32044 124
32264 124
32476 124
32688 124
32900 120
33112 120
33332 120
33544 120
33756 120
33968 120
34180 120
34396 120
34612 120
34824 120
35036 115
35248 115
35464 115
35680 113
35892 112
36104 112
36316 112
36532 112
36744 112
36960 112
37172 112
37388 112
37600 112
37812 112
38024 110
38240 110
38456 103
38668 103
38880 103
39092 103
39304 103
39524 103
39736 103
39948 103
40160 103
40372 103
40592 99
40804 103
41016 99
41228 99
41448 99
41660 99
41872 99
42084 97
42296 97
42516 97
42728 97
42940 96
43152 96
43364 96
43584 96
43796 96
44008 96
44220 96
44432 96
44652 96
44864 96
45076 96
45288 94
45500 92
45720 92
45932 92
46144 92
46356 92
46576 92
46788 88
47000 88
47212 88
47424 88
47640 88
47856 88
48068 88
48280 88
48492 88
48708 88
48924 88
49136 88
49348 83
49560 83
49776 83
49988 79
50204 79
50416 79
50628 79
50844 79
51056 79
51268 79
51484 79
51700 79
51912 79
52124 79
52336 79
52548 78
52768 78
52980 78
53192 78
53404 78
53616 71
53836 71
54048 71
54260 71
54472 71
4 159
216 159
428 159
648 159
860 159
1072 159
1284 163
1496 163
1716 163
1928 163
2140 163
2352 163
2564 163
2784 167
2996 167
3208 167
3420 167
3636 167
3852 167
4064 167
4276 167
4488 167
4704 167
4920 167
5132 167
5344 167
5556 167
5772 167
5984 167
6200 174
6412 167
6624 172
6840 174
7052 176
7264 176
7480 176
7692 176
7908 176
8120 176
8332 176
8544 176
8764 176
8976 176
9188 174
9400 167
9612 167
9832 167
10044 167
10256 167
10468 167
10680 167
10900 167
11112 163
11324 163
11536 163
11748 159
11968 159
12180 159
12392 159
12604 159
12816 159
13036 159
13248 159
13460 159
13672 159
13892 158
14104 158
14316 158
14528 156
14740 156
14960 156
15172 156
15384 152
15596 152
15808 152
16028 152
16240 152
16452 152
16664 152
16876 147
17096 143
17308 143
17520 143
17732 143
17944 143
18160 143
18376 143
18588 143
18800 142
19016 142
19228 142
19444 142
19656 135
19868 135
20084 135
20296 135
20508 135
20724 135
20936 135
21152 127
21364 127
21576 127
21788 127
22004 127
22220 127
22432 127
22644 127
22856 127
23068 127
23288 127
23500 127
23712 127
23924 127
24144 127
24356 127
24568 127
24780 127
24992 127
25212 126
25424 126
25636 124
25848 124
26060 124
26280 124
26492 124
26704 124
26916 120
27128 120
27348 120
27560 120
27772 120
27984 120
28196 120
28416 120
28628 120
28840 115
29052 113
29272 113
29484 113
29696 112
29908 112
30120 112
30340 112
30552 112
30764 112
30976 112
31188 112
31404 112
31620 112
31832 110
32044 103
32256 103
32472 103
32688 103
32900 103
33112 103
33324 103
33540 103
33752 103
33968 103
34180 103
34396 103
34608 103
34820 99
35032 99
35248 99
35464 99
35676 99
35888 99
36100 97
36312 97
36532 97
36744 96
36956 96
37168 96
37380 96
37600 96
37812 96
38024 96
38236 96
38456 96
38668 96
38880 96
39092 96
39304 92
39524 92
39736 92
39948 92
40160 92
40372 88
40592 88
40804 88
41016 88
41228 88
41440 88
41660 88
41872 88
42084 88
42296 88
42508 88
42728 88
42940 88
43152 83
43364 81
43580 81
43796 79
44008 79
44220 79
44432 79
44648 79
44864 79
45076 79
45288 79
45500 79
45716 79
45928 79
46144 79
46356 79
46568 79
46784 78
46996 71
47208 71
47424 71
47636 71
47852 71
48064 71
48276 71
48488 71
48708 71
48920 71
49132 71
49344 71
49556 71
49776 71
49988 71
50200 71
50412 67
50624 67
50844 63
51056 63
51268 63
51480 63
51692 63
51912 63
52124 63
52336 63
52548 63
52760 63
52980 63
53192 63
53404 63
53616 63
53836 63
54048 63
54260 63
54472 63
4 120
224 120
436 120
648 120
860 120
1072 120
1292 124
1504 124
1716 124
1928 124
2144 124
2360 124
2572 126
2784 126
2996 126
3212 127
3424 127
3640 127
3852 127
4064 127
4280 127
4492 127
4704 127
4920 127
5132 127
5348 127
5560 127
5772 127
5984 127
6200 127
6416 127
6628 127
6840 127
7052 127
7272 127
7484 127
7696 127
7908 127
8120 127
8340 127
8552 135
8764 135
8976 135
9188 135
9408 135
9620 135
9832 135
10044 135
10256 135
10476 135
10688 142
10900 142
11112 143
11324 143
11544 143
11756 143
11968 143
12180 143
12400 143
12612 143
12824 143
13036 143
13248 143
13468 143
13680 143
13892 143
14104 143
14316 145
14536 147
14748 147
14960 152
15172 152
15384 152
15600 152
15816 152
16028 152
16240 152
16452 152
16668 152
16884 152
17096 152
17308 152
17524 156
17736 156
17948 156
18164 156
18376 156
18592 156
18804 156
19016 156
19228 158
19444 158
19660 158
19872 158
20084 159
20296 159
20508 159
20728 159
20940 159
21152 159
21364 159
21576 159
21796 159
22008 159
22220 159
22432 159
22652 159
22864 159
23076 159
23288 159
23500 159
23720 159
23932 159
24144 163
24356 163
24568 163
24788 163
25000 163
25212 163
25424 167
25636 167
25856 167
26068 167
26280 167
26492 167
26712 167
26924 167
27136 167
27348 167
27560 167
27780 167
27992 167
28204 167
28416 167
28628 167
28844 167
29060 167
29272 167
29484 167
29696 174
29912 174
30128 176
30340 176
30552 176
30764 176
30980 176
31192 176
31408 176
31620 176
31836 174
32048 172
32260 167
32472 167
32688 167
32904 167
33116 167
33328 167
33540 167
33752 167
33972 163
34184 163
34396 163
34608 163
34820 159
35040 159
35252 159
35464 159
35676 159
35888 159
36108 159
36320 159
36532 159
36744 158
36964 158
37176 158
37388 156
37600 156
37812 156
38032 156
38244 152
38456 152
38668 152
38880 152
39100 152
39312 152
39524 152
39736 152
39948 147
40168 147
40380 143
40592 143
40804 143
41016 143
41236 143
41448 143
41660 143
41872 143
42088 143
42304 142
42516 135
42728 135
42940 135
43156 135
43368 135
43584 135
43796 135
44008 127
44224 127
44436 127
44648 127
44864 127
45076 127
45292 127
45504 127
45716 127
45928 127
46144 127
46360 127
46572 127
46784 127
46996 127
47216 127
47428 127
47640 127
47852 127
48064 126
48284 126
48496 126
48708 124
48920 124
49132 124
49352 124
49564 120
49776 120
49988 120
50200 120
50420 120
50632 120
50844 120
51056 120
51268 120
51488 120
51700 115
51912 115
52124 113
52344 113
52556 113
52768 112
52980 112
53192 112
53412 112
53624 112
53836 112
54048 112
54260 112
54480 110
4 63
220 63
436 63
648 63
860 63
1072 63
1288 63
1500 63
1716 63
1928 63
2140 63
2356 63
2568 63
2780 63
2996 63
3208 63
3424 63
3636 63
3848 63
4060 62
4280 62
4492 62
4704 62
4916 62
5128 60
5348 60
5560 60
5772 60
5984 60
6196 56
6416 60
6628 56
6840 56
7052 56
7264 56
7484 56
7696 56
7908 56
8120 56
8340 56
8552 56
8764 56
8976 56
9188 56
9408 56
9620 51
9832 51
10044 51
10256 51
10476 49
10688 49
10900 49
11112 49
11324 49
11544 49
11756 48
11968 48
12180 48
12392 48
12612 48
12824 48
13036 48
13248 48
13464 48
13680 48
13892 48
14104 48
14316 48
14532 46
14744 46
14960 44
15172 39
15384 39
15600 39
15812 39
16024 39
16240 39
16452 39
16668 39
16880 39
17092 39
17304 39
17520 39
17736 39
17948 39
18160 39
18372 46
18592 46
18804 48
19016 48
19228 48
19440 48
19660 48
19872 48
20084 49
20296 49
20508 49
20728 56
20940 56
21152 56
21364 56
21576 56
21796 56
22008 56
22220 56
22432 56
22644 60
22864 60
23076 60
23288 62
23500 62
23720 62
23932 63
24144 63
24356 63
24568 63
24788 63
25000 63
25212 63
25424 63
25636 63
25852 63
26068 63
26280 63
26492 67
26704 71
26920 71
27136 71
27348 71
27560 71
27772 71
27988 71
28200 71
28416 71
28628 71
28844 71
29056 78
29268 78
29480 79
29696 79
29912 79
30124 79
30336 79
30548 79
30760 79
30980 79
31192 79
31404 81
31616 83
31828 88
32048 88
32260 88
32472 88
32684 88
32896 88
33116 88
33328 88
33540 88
33752 92
33972 92
34184 92
34396 92
34608 92
34820 92
35040 96
35252 96
35464 96
35676 96
35888 96
36104 96
36320 96
36532 96
36744 97
36956 96
37172 97
37384 97
37600 97
37812 99
38024 99
38240 99
38452 99
38664 99
38880 99
39096 103
39308 103
39520 103
39732 103
39944 103
40164 103
40376 103
40588 103
40800 103
41012 103
41232 103
41444 110
41656 112
41868 112
42080 112
42300 112
42512 112
42724 112
42936 112
43156 112
43368 112
43580 112
43792 112
44004 113
44224 113
44436 113
44648 115
44860 120
45072 120
45292 120
45504 120
45716 120
45928 120
46140 120
46360 120
46572 120
46784 120
46996 120
47208 120
47428 124
47640 124
47852 124
48064 124
48280 124
48496 126
48708 126
48920 126
49132 127
49348 127
49564 127
49776 127
49988 127
50200 127
50416 127
50628 127
50844 127
51056 127
51268 127
51484 127
51696 127
51908 127
52124 127
52336 127
52552 127
52764 127
52976 127
53188 127
53408 127
53620 127
53832 127
54044 127
54256 127
54476 127
4 62
220 62
432 60
648 60
860 60
1072 60
1288 60
1500 60
1712 60
1924 60
2144 60
2356 56
2568 56
2780 56
2992 56
3212 56
3424 56
3636 56
3848 56
4060 56
4276 56
4492 56
4704 56
4916 56
5128 56
5344 56
5556 51
5772 51
5984 49
6196 49
6412 49
6624 49
6836 49
7052 49
7268 48
7480 48
7692 48
7904 48
8116 48
8336 48
8548 48
8760 48
8972 48
9184 48
9404 48
9616 48
9828 48
10040 46
10252 46
10472 46
10684 46
10896 39
11108 39
11328 39
11540 39
11752 39
11964 39
12176 39
12396 39
12608 39
12820 39
13032 39
13244 39
13464 39
13676 39
13888 39
14100 46
14312 46
14532 48
14744 48
14956 48
15168 48
15380 48
15600 48
15812 49
16024 49
16236 49
16452 51
16668 56
16880 56
17092 56
17304 56
17520 56
17736 56
17948 56
18160 56
18372 60
18588 60
18800 60
19016 60
19228 62
19440 62
19656 63
19868 63
20080 63
20296 63
20508 63
20724 63
20936 63
21148 63
21360 63
21580 63
21792 63
22004 63
22216 67
22428 71
22648 71
22860 71
23072 71
23284 71
23496 71
23716 71
23928 71
24140 71
24352 71
24564 71
24784 78
24996 78
25208 79
25420 79
25632 79
25852 79
26064 79
26276 79
26488 79
26708 79
26920 79
27132 79
27344 81
27556 83
27776 88
27988 88
28200 88
28412 88
28624 88
28844 88
29056 88
29268 88
29480 88
29692 92
29908 92
30124 92
30336 92
30548 96
30760 96
30976 96
31192 96
31404 96
31616 96
31832 96
32044 96
32256 96
32472 96
32684 96
32900 97
33112 97
33324 97
33536 99
33752 99
33968 99
34180 99
34392 99
34604 103
34816 103
35036 103
35248 103
35460 103
35672 103
35884 103
36104 103
36316 103
36528 103
36740 103
36960 103
37172 110
37384 112
37596 110
37808 112
38028 112
38240 112
38452 112
38664 112
38876 112
39092 112
39308 112
39520 112
39732 113
39944 113
40160 115
40376 115
40588 120
40800 120
41012 120
41228 120
41440 120
41656 120
41868 120
42084 120
42296 120
42508 120
42720 124
42936 124
43152 124
43364 124
43576 124
43788 124
44000 126
44220 126
44432 126
44644 127
44856 127
45068 127
45288 127
45500 127
45712 127
45924 127
46144 127
46356 127
46568 127
46780 127
46992 127
47212 127
47424 127
47636 127
47848 127
48060 127
48280 127
48492 127
48704 127
48916 127
49128 127
49348 127
49560 127
49772 127
49984 127
50196 127
50416 135
50628 135
50840 135
51052 135
51272 135
51484 135
51696 135
51908 135
52120 135
52336 135
52552 135
52764 142
52976 142
53188 142
53404 143
53620 143
53832 143
54044 143
54256 143
54472 143
8 79
220 79
432 79
644 79
860 79
1076 81
1288 83
1500 88
1716 88
1928 88
2140 88
2356 88
2568 88
2784 88
2996 88
3208 88
3420 92
3636 92
3852 92
4064 92
4276 92
4488 94
4700 96
4920 96
5132 96
5344 96
5556 96
5768 96
5988 96
6200 96
6412 96
6624 96
6844 97
7056 97
7268 97
7480 99
7692 99
7912 99
8124 99
8336 99
8548 103
8760 103
8980 103
9192 103
9404 103
9616 103
9828 103
10048 103
10260 103
10472 103
10684 103
10896 103
11116 110
11328 110
11540 112
11752 112
11968 112
12184 112
12396 112
12608 112
12820 112
13036 112
13252 112
13464 112
13676 113
13888 113
14104 115
14316 115
14532 120
14744 120
14956 120
15172 120
15384 120
15596 120
15812 120
16024 120
16240 120
16452 120
16664 120
16876 124
17096 124
17308 124
17520 124
17732 124
17944 124
18164 126
18376 124
18588 126
18800 126
19012 127
19232 127
19444 127
19656 127
19868 127
20080 127
20300 127
20512 127
20724 127
20936 127
21156 127
21368 127
21580 127
21792 127
22004 127
22224 127
22436 127
22648 127
22860 127
23072 127
23292 127
23504 127
23716 127
23928 127
24140 127
24360 135
24572 135
24784 135
24996 135
25208 135
25428 135
25640 135
25852 135
26064 135
26280 142
26496 142
26708 142
26920 143
27132 143
27348 143
27560 143
27776 143
27988 143
28200 143
28416 143
28628 143
28840 143
29056 143
29268 143
29484 143
29696 143
29908 145
30120 143
30336 147
30552 152
30764 152
30976 152
31188 152
31408 152
31620 152
31832 152
32044 152
32256 152
32476 152
32688 152
32900 152
33112 152
33324 152
33544 152
33756 156
33968 156
34180 156
34392 156
34612 156
34824 156
35036 156
35248 158
35460 158
35680 158
35892 158
36104 159
36316 159
36536 159
36748 159
36960 159
37172 159
37384 159
37604 159
37816 159
38028 159
38240 159
38452 159
38672 159
38884 159
39096 159
39308 159
39520 159
39736 159
39952 159
40164 163
40376 163
40588 163
40804 163
41020 163
41232 163
41444 167
41660 167
41872 167
42084 167
42300 167
42512 167
42728 167
42940 167
43152 167
43364 167
43580 167
43796 167
44008 167
44220 167
44432 167
44644 167
44864 167
45076 167
45288 167
45500 176
45712 174
45932 176
46144 176
46356 176
46568 176
46788 176
47000 176
47212 176
47424 176
47636 176
47856 174
48068 167
48280 167
48492 167
48704 167
48920 167
49136 167
49348 167
49560 167
49772 167
49988 163
50204 163
50416 163
50628 159
50840 159
51056 159
51268 159
51484 159
51696 159
51912 159
52124 159
52336 159
52548 158
52760 158
52980 156
53192 156
53404 156
53616 156
53828 156
54048 152
54260 152
54472 152
4 152
216 152
432 156
644 156
856 156
1072 156
1284 156
1500 156
1712 158
1924 156
2136 158
2352 158
2568 158
2780 158
2992 158
3204 159
3416 159
3636 159
3848 159
4060 159
4272 159
4492 159
4704 159
4916 159
5128 159
5340 159
5560 159
5772 159
5984 159
6196 159
6408 159
6628 159
6840 159
7052 163
7264 163
7476 163
7692 163
7908 163
8120 167
8332 167
8544 167
8760 167
8976 167
9188 167
9400 167
9616 167
9828 167
10040 167
10256 167
10468 167
10684 167
10896 167
11108 167
11320 167
11536 167
11752 167
11964 167
12176 167
12388 174
12600 172
12820 176
13032 176
13244 176
13456 176
13676 176
13888 176
14100 176
14312 176
14524 176
14744 176
14956 174
15168 167
15380 167
15592 167
15812 167
16024 167
16236 167
16448 167
16660 167
16880 167
17092 163
17304 163
17516 159
17728 159
17948 159
18160 159
18372 159
18584 159
18804 159
19016 159
19228 159
19440 158
19652 159
19872 156
20084 156
20296 156
20508 156
20720 152
20936 152
21152 152
21364 152
21576 152
21788 152
22004 152
22220 152
22432 152
22644 147
22856 147
23072 143
23284 143
23500 143
23712 143
23928 143
24140 143
24352 143
24564 143
24780 143
24996 142
25208 142
25420 135
25632 135
25844 135
26064 135
26276 135
26488 135
26700 127
26912 127
27132 127
27344 127
27556 127
27768 127
27980 127
28200 127
28412 127
28624 127
28836 127
29056 127
29268 127
29480 127
29692 127
29904 127
30124 127
30336 127
30548 126
30760 126
30972 126
31192 126
31404 126
31616 124
31828 124
32040 124
32260 124
32472 120
32684 120
32896 120
33108 120
33328 120
33540 120
33752 120
33964 120
34180 120
34396 115
34608 113
34820 113
35032 113
35248 113
35460 112
35676 112
35888 112
36100 112
36316 112
36528 112
36740 112
36956 112
37168 112
37384 110
37596 103
37808 103
38020 103
38236 103
38452 103
38664 103
38876 103
39088 103
39308 103
39520 103
39732 103
39944 103
40156 99
40376 99
40588 99
40800 99
41012 99
41224 99
41444 97
41656 97
41868 97
42080 97
42292 96
42512 96
42724 96
42936 96
43148 96
43360 96
43580 96
43792 96
44004 96
44216 96
44432 96
44644 92
44860 92
45072 92
45284 92
45500 92
45712 92
45924 92
46140 88
46352 88
46568 88
46780 88
46992 88
47204 88
47420 88
47636 88
47848 88
48060 88
48272 88
48492 88
48704 83
48916 81
49128 81
49340 79
49560 79
49772 79
49984 79
50196 79
50408 79
50628 79
50840 79
51052 79
51264 79
51476 79
51696 79
51908 79
52120 78
52332 78
52544 78
52764 71
52976 71
53188 71
53400 71
53620 71
53832 71
54044 71
54256 71
54468 71
4 159
216 159
428 159
648 159
860 159
1072 159
1284 159
1496 159
1716 159
1928 159
2140 159
2352 159
2572 159
2784 159
2996 159
3208 163
3420 163
3640 163
3852 163
4064 163
4276 167
4488 167
4708 167
4920 167
5132 167
5344 167
5556 167
5776 167
5988 167
6200 167
6412 167
6624 167
6840 167
7052 167
7264 167
7476 167
7696 167
7908 167
8120 167
8332 174
8544 174
8764 174
8976 176
9188 176
9400 176
9612 176
9828 176
10044 176
10256 176
10468 176
10680 176
10896 176
11108 167
11324 167
11536 167
11748 167
11964 167
12176 167
12388 167
12604 167
12820 163
13032 163
13244 163
13456 163
13668 159
13888 159
14100 159
14312 159
14524 159
14736 159
14956 159
15168 159
15380 159
15592 158
15804 158
16024 158
16236 156
16448 156
16660 156
16880 156
17092 152
17304 152
17516 152
17728 152
17948 152
18160 152
18372 152
18584 152
18796 147
19016 145
19228 143
19440 143
19652 143
19864 143
20084 143
20296 143
20508 143
20720 143
20932 143
21152 142
21364 142
21576 135
21788 135
22004 135
22220 135
22432 135
22644 135
22856 127
23072 127
23288 127
23500 127
23712 127
23924 127
24140 127
24352 127
24568 127
24780 127
24992 127
25208 127
25420 127
25632 127
25848 127
26060 127
26276 127
26488 127
26700 127
26912 126
27132 126
27344 124
27556 124
27768 124
27980 124
28200 124
28412 120
28624 120
28836 120
29048 120
29268 120
29480 120
29692 120
29904 120
30116 120
30336 120
30548 115
30760 113
30972 113
31184 113
31404 112
31616 112
31828 112
32040 112
32260 112
32472 112
32684 112
32896 112
33108 112
33328 112
33540 110
33752 110
33964 103
34176 103
34396 103
34608 103
34820 103
35032 103
35244 103
35464 103
35676 103
35888 103
36100 103
36312 103
36528 99
36744 99
36956 99
37168 99
37384 99
37596 97
37812 97
38024 97
38236 97
38452 97
38664 96
38876 96
39092 96
39304 96
39520 96
39732 96
39944 96
40156 96
40372 96
40588 96
40800 92
41012 92
41224 92
41436 92
41656 92
41868 92
42080 92
42292 88
42512 88
42724 88
42936 88
43148 88
43360 88
43580 88
43792 88
44004 88
44216 88
44428 88
44648 88
44860 83
45072 81
45284 81
45496 79
45712 79
45928 79
46140 79
46352 79
46564 79
46780 79
46996 79
47208 79
47420 79
47636 79
47848 79
48060 78
48276 78
48488 78
48704 78
48916 71
49128 71
49340 71
49552 71
49772 71
49984 71
50196 71
50408 71
50620 71
50840 71
51052 71
51264 71
51476 71
51696 67
51908 67
52120 67
52332 67
52544 63
52764 63
52976 63
53188 63
53400 63
53612 63
53832 63
54044 63
54256 63
54468 63
4 127
216 127
428 127
640 127
856 127
1072 127
1284 135
1496 135
1708 135
1920 135
2140 135
2352 135
2564 135
2776 135
2996 135
3208 135
3420 135
3632 135
3844 142
4064 142
4276 143
4488 143
4700 143
4912 143
5132 143
5344 143
5556 143
5768 143
5980 143
6200 143
6412 143
6624 143
6836 143
7056 143
7268 147
7480 147
7692 152
7904 152
8124 152
8336 152
8548 152
8760 152
8972 152
9192 152
9404 152
9616 152
9828 152
10040 152
10256 152
10472 156
10684 156
10896 156
11108 156
11324 156
11540 156
11752 156
11964 156
12180 158
12392 156
12604 158
12820 158
13032 158
13248 159
13460 159
13672 159
13884 159
14100 159
14316 159
14528 159
14740 159
14952 159
15164 159
15384 159
15596 159
15808 159
16020 159
16232 159
16452 159
16664 159
16876 159
17088 163
17308 159
17520 159
17732 159
17944 163
18156 163
18376 163
18588 163
18800 167
19012 167
19224 167
19444 167
19656 167
19868 167
20080 167
20292 167
20512 167
20724 167
20936 167
21148 167
21360 167
21580 167
21792 167
22004 167
22216 167
22436 174
22648 174
22860 174
23072 176
23284 176
23500 176
23716 176
23928 176
24140 176
24352 176
24568 176
24784 176
24996 176
25208 167
25420 167
25636 167
25848 167
26064 167
26276 167
26488 167
26704 167
26916 167
27128 163
27344 163
27560 163
27772 159
27984 159
28196 159
28408 159
28628 159
28840 159
29052 159
29264 159
29476 159
29696 159
29908 158
30120 156
30332 156
30544 156
30764 156
30976 156
31188 152
31400 152
31612 152
31832 152
32044 152
32256 152
32468 152
32688 152
32900 147
33112 145
33324 143
33536 143
33756 143
33968 143
34180 143
34392 143
34604 143
34824 143
35036 142
35248 142
35460 135
35672 135
35892 135
36104 135
36316 135
36528 135
36744 127
36960 127
37172 127
37384 127
37596 127
37812 127
38024 127
38240 127
38452 127
38664 127
38880 127
39092 127
39304 127
39520 127
39732 127
39948 127
40160 127
40372 127
40584 127
40800 127
41016 126
41228 126
41440 126
41652 124
41872 124
42084 124
42296 124
42508 124
42720 120
42940 120
43152 120
43364 120
43576 120
43788 120
44008 120
44220 120
44432 120
44644 115
44856 115
45076 113
45288 113
45500 112
45712 112
45924 112
46144 112
46356 112
46568 112
46780 112
47000 112
47212 112
47424 112
47636 110
47848 110
48068 110
48280 103
48492 103
48704 103
48916 103
49136 103
49348 103
49560 103
49772 103
49984 103
50200 103
50416 103
50628 99
50840 99
51052 99
51268 99
51484 99
51696 97
51908 97
52124 97
52336 97
52548 96
52764 96
52976 96
53192 96
53404 96
53616 96
53828 96
54044 96
54260 96
54472 96
