20 184
132 188
244 192
356 192
468 192
580 193
700 195
812 199
924 199
1036 199
1148 206
1260 207
1372 207
1484 207
1596 216
1716 216
1828 216
1940 220
2052 224
2164 224
2276 224
2388 224
2500 224
2616 225
2732 227
2844 227
2956 227
3068 231
3180 231
3296 231
3408 231
3520 231
3632 231
3748 231
3860 231
3976 231
4088 231
4200 231
4312 231
4424 231
4536 231
4648 231
4768 231
4880 231
4992 231
5104 231
5216 231
5328 231
5440 231
5552 231
5664 227
5776 227
5896 225
6008 224
6120 224
6232 224
6344 224
6456 224
6568 220
6680 220
6792 216
6912 216
7024 216
7136 207
7248 207
7360 207
7472 199
7584 199
7696 199
7812 195
7928 195
8040 192
8152 192
8264 192
8376 188
8492 184
8604 184
8716 177
8828 176
8944 176
9056 174
9172 167
9284 167
9396 163
9508 159
9620 159
9732 159
9844 156
9964 156
10076 152
10188 152
10300 143
10412 143
10524 143
10636 135
10748 135
10860 127
10980 127
11092 127
11204 127
11316 127
11428 126
11540 124
11652 124
11764 120
11876 120
11996 120
12108 113
12220 112
12332 112
12444 112
12556 112
12668 103
12780 103
12892 103
13012 103
13124 103
13236 103
13348 103
13460 99
13572 99
13688 99
13800 99
13912 99
14028 99
14140 99
14252 99
14368 99
14480 99
14592 99
14704 99
14816 99
14928 99
15044 103
15160 103
15272 103
15384 103
15496 103
15608 103
15720 103
15832 103
15944 112
16064 112
16176 112
16288 112
16400 115
16512 120
16624 120
16736 120
16848 124
16960 124
17080 126
17192 127
17304 127
17416 127
17528 127
17640 127
17752 135
17864 135
17976 142
18096 143
18208 143
18320 152
18432 152
18544 156
18656 156
18768 159
18884 159
18996 159
19112 163
19224 167
19336 167
19448 176
19564 176
19676 176
19788 184
19900 184
20012 184
20128 192
20244 192
20356 192
20468 193
20580 195
20692 199
20804 199
20916 199
21028 206
21140 207
21260 207
21372 207
21484 216
21596 216
21708 216
21820 220
21932 220
22044 224
22156 224
22276 224
22388 224
22500 225
22612 225
22724 227
22836 227
22948 231
23060 231
23172 231
23292 231
23404 231
23516 231
23628 231
23740 231
23852 231
23964 231
24080 238
24192 231
24308 231
24420 231
24532 231
24644 231
24760 231
24872 231
24984 231
25096 231
25208 231
25324 231
25440 231
25552 227
25664 227
25776 225
25888 225
26000 224
26112 224
26224 224
26344 224
26456 220
26568 220
26680 216
26792 216
26904 216
27016 207
27128 207
27240 207
27360 206
27472 199
27584 199
27696 199
27808 195
27920 193
28032 192
28144 192
28256 192
28376 184
28488 184
28600 184
28712 177
28824 176
28944 174
29056 167
29168 167
29280 163
29392 159
29504 159
29616 159
29736 156
29848 152
29960 152
30072 152
30184 143
30296 143
30408 143
30520 135
30632 135
30744 127
30864 127
30976 127
31088 127
31200 127
31312 127
31424 126
31536 124
31648 120
31760 120
31880 120
31992 115
32104 113
32216 112
32328 112
32440 112
32556 110
32668 103
32780 103
32896 103
33008 103
33120 103
33236 103
33348 103
33460 99
33572 99
33684 99
33796 99
33912 99
34028 99
34140 99
34252 99
34364 99
34476 99
34588 99
34700 99
34812 99
34932 99
35044 99
35156 103
35268 103
35380 103
35492 103
35604 103
35716 103
35828 110
35948 112
36060 112
36172 112
36284 113
36396 115
36508 120
36620 120
36732 120
36844 124
36964 126
37076 127
37188 127
37300 127
37412 127
37524 127
37636 135
37752 135
37864 143
37980 143
38092 143
38204 147
38316 152
38432 152
38544 156
38656 158
38768 159
38880 159
38996 163
39112 167
39224 167
39336 167
39448 176
39560 176
39672 177
39784 184
39896 184
40016 192
40128 192
40240 192
40352 192
40464 193
40576 195
40688 199
40800 199
40912 199
41032 207
41144 207
41256 207
41368 211
41480 216
41592 216
41704 216
41816 220
41928 224
42048 224
42160 224
42272 224
42384 225
42496 225
42608 227
42720 227
42832 231
42948 231
43064 231
43176 231
43288 231
43400 231
43512 231
43628 231
43740 231
43852 231
43964 231
44080 236
44192 231
44308 231
44420 231
44532 231
44644 231
44756 231
44868 231
44980 231
45100 231
45212 231
45324 231
45436 227
45548 227
45660 227
45772 225
45884 224
45996 224
46108 224
46228 224
46340 224
46452 220
46564 216
46676 216
46788 216
46900 211
47012 207
47124 207
47244 206
47356 199
47468 199
47580 199
47692 195
47804 193
47916 192
48028 192
48140 192
48260 188
48372 184
48484 184
48596 177
48708 176
48820 176
48932 167
49044 167
49156 167
49276 163
49388 159
49500 159
49612 159
49724 156
49836 152
49948 152
50064 147
50176 143
50292 143
50404 142
50516 135
50628 127
50744 127
50856 127
50968 127
51080 127
51192 127
51308 126
51424 124
51536 120
51648 120
51760 120
51872 120
51984 113
52096 112
52208 112
52328 112
52440 112
52552 103
52664 103
52776 103
52888 103
53000 103
53112 103
53224 99
53344 99
53456 99
53568 99
53680 99
53792 99
53904 99
54016 99
54128 99
54240 99
54360 99
54472 99
54584 99
54696 99
54808 99
54920 99
55032 103
55144 103
55260 103
55376 103
55488 103
55600 103
55712 110
55824 112
55940 112
56052 112
56164 113
56276 115
56392 120
56504 120
56620 120
56732 124
56844 124
56956 127
57068 127
57180 127
57292 127
57412 127
57524 127
57636 135
57748 142
57864 143
57984 143
58096 147
58208 152
58320 152
58432 156
58544 158
58656 159
58768 159
58880 159
59000 163
59112 167
59224 167
59336 176
59448 176
59560 177
59672 184
59784 184
59896 188
60008 192
60128 192
60240 192
60352 193
60464 195
60576 199
60688 199
60800 199
60912 206
61028 207
61144 207
61256 207
61368 216
61480 216
61592 216
61704 216
61816 220
61928 224
62040 224
62160 224
62272 224
62384 224
62496 225
62608 225
62720 227
62832 227
62948 231
63060 231
63176 231
63288 231
63400 231
63512 231
63628 231
63740 231
63852 231
63964 231
64076 231
64192 231
64308 231
64420 231
64532 231
64644 231
64756 231
64868 231
64980 231
65092 231
65212 227
65324 227
65436 227
65548 225
65660 224
65772 224
65884 224
65996 224
66108 224
66228 220
66340 216
66452 216
66564 216
66676 216
66788 207
66900 207
67012 207
67124 206
67244 199
67356 199
67468 199
67580 195
67692 193
67804 192
67916 192
68028 192
68144 192
68260 184
68372 184
68484 179
68596 176
68708 176
68824 174
68936 167
69048 167
69160 163
69276 159
69388 159
69504 159
69616 156
69728 152
69840 152
69952 152
70064 143
70176 143
70296 142
70408 135
70520 135
70632 127
70744 127
70856 127
70968 127
71080 127
71192 126
71312 124
71424 120
71536 120
71648 120
71760 120
71872 113
71984 112
72096 112
72208 112
72328 112
72440 110
72552 103
72664 103
72776 103
72888 103
73000 103
73112 103
73224 99
73344 99
73456 99
73568 99
73680 99
73792 99
73904 99
74020 99
74132 99
74244 99
74360 99
74472 99
74584 99
74700 99
74812 99
74924 103
75036 103
75148 103
75260 103
75376 103
75492 103
75604 110
75716 112
75828 112
75940 112
76052 113
76164 113
76276 120
76388 120
76504 120
76616 124
76728 124
76840 127
76952 127
77064 127
77176 127
77288 127
77400 127
77520 135
77632 135
77744 142
77856 143
77968 143
78080 147
78192 152
78304 152
78420 156
78536 158
78648 159
78760 159
78872 163
78984 167
79100 167
79212 172
79324 176
79436 177
79552 184
79664 184
79780 184
79892 192
80004 192
80116 192
80228 193
80340 195
80452 199
80572 199
80684 199
80796 206
80908 207
81020 207
81132 207
81244 216
81356 216
81468 216
81588 220
81700 224
81812 224
81924 224
82036 224
82148 225
82260 225
82372 227
82484 227
82604 227
82716 231
82828 231
82940 231
83052 231
83164 231
83276 231
83388 231
83500 231
83620 231
83732 236
83844 238
83956 236
84068 231
84180 231
84296 231
84408 231
84520 231
84636 231
84748 231
84860 231
84976 231
85088 231
85200 231
85312 227
85424 227
85536 225
85652 225
85768 224
85880 224
85992 224
86104 224
86216 220
86328 220
86440 216
86552 216
86672 216
86788 207
86900 207
87012 207
87124 206
87236 199
87356 199
87468 199
87580 195
87692 193
87804 192
87916 192
88028 192
88140 184
88252 184
88372 184
88484 177
88596 176
88708 176
88820 167
88932 167
89044 163
89156 159
89272 159
89388 159
89500 156
89612 156
89724 152
89836 152
89952 143
90064 143
90176 143
90288 135
90404 135
90516 127
90632 127
90744 127
90856 127
90968 127
91080 127
91192 124
91304 124
91424 120
91536 120
91648 120
91760 113
91872 113
91984 112
92096 112
92208 112
92320 110
92440 103
92552 103
92664 103
92776 103
92888 103
93000 103
93112 99
93224 99
93336 99
93456 99
93568 99
93680 99
93792 99
93904 99
94016 99
94128 99
94240 99
94352 99
94472 99
94584 99
94696 99
94808 99
94920 103
95032 103
95148 103
95260 103
95372 103
95488 103
95600 112
95712 112
95828 112
95940 112
96052 113
96164 115
96276 120
96388 120
96504 120
96620 124
96732 126
96844 127
96956 127
97068 127
97180 127
97292 127
97404 135
97524 135
97636 143
97748 143
97860 143
97972 147
98084 152
98196 152
98308 156
98420 158
98540 159
98652 159
98764 163
98876 167
98988 167
99100 167
99212 176
99324 176
99436 177
99548 184
99668 184
99780 192
99892 192
100004 192
100116 192
100228 193
100344 195
100456 199
100568 199
100684 199
100796 207
100908 207
101024 207
101136 216
101248 216
101360 216
101472 216
101584 220
101700 224
101816 224
101928 224
102040 224
102152 224
102264 225
102376 227
102488 227
102600 227
102720 227
102832 231
102944 231
103056 231
103168 231
103280 231
103392 231
103504 231
103616 231
103736 231
103848 231
103960 231
104072 231
104184 236
104296 231
104408 231
104520 231
104632 231
104752 231
104864 231
104976 231
105088 231
105200 227
105312 227
105424 227
105540 225
105652 224
105768 224
105880 224
105992 224
106104 224
106220 220
106332 216
106444 216
106556 216
106668 207
106784 207
106900 207
107012 206
107124 199
107236 199
107348 199
107460 195
107572 193
107684 192
107804 192
107916 192
108028 188
108140 184
108252 184
108364 177
108476 176
108588 176
108700 167
108820 167
108932 167
109044 159
109156 159
109268 159
109380 158
109492 156
109604 152
109716 152
109836 145
109948 143
110060 143
110172 135
110284 135
110396 127
110508 127
110620 127
110736 127
110852 127
110964 127
111076 126
111188 124
111300 120
111416 120
111528 120
111640 115
111752 113
111868 112
111980 112
112096 112
112208 110
112320 103
112432 103
112544 103
112656 103
112768 103
112888 103
113000 103
113112 103
113224 99
113336 99
113448 99
113560 99
113672 97
113784 97
113904 97
114016 97
114128 99
114240 99
114352 99
114464 99
114576 99
114688 99
114800 103
114912 103
115032 103
115144 103
115256 103
115368 103
115480 110
115592 112
115712 112
115824 112
115944 113
116056 113
116168 120
116280 120
116392 120
116504 120
116616 124
116728 126
116840 127
116960 127
117072 127
117184 127
117296 127
117408 135
117520 142
117632 143
117744 143
117856 145
117976 152
118088 152
118200 156
118312 158
118424 159
118536 159
118648 163
118760 167
118876 167
118992 167
119104 176
119216 176
119328 177
119440 184
119556 184
119668 192
119780 192
119892 192
120008 192
120120 193
120236 195
120348 199
120460 199
120572 199
120684 207
120796 207
120908 207
121028 211
121140 216
121252 216
121364 216
121476 220
121588 224
121700 224
121812 224
121924 224
122036 225
122156 225
122268 227
122380 227
122492 231
122604 231
122716 231
122828 231
122940 231
123052 231
123172 231
123284 231
123396 231
123508 231
123620 236
123732 238
123844 231
123956 231
124072 231
124188 231
124300 231
124412 231
124524 231
124636 231
124752 231
124864 231
124976 231
125088 231
125204 227
125316 227
125432 225
125544 225
125656 224
125768 224
125880 224
125992 224
126104 220
126224 216
126336 216
126448 216
126560 216
126672 207
126784 207
126896 207
127008 199
127120 199
127240 199
127352 195
127464 193
127576 192
127688 192
127800 192
127912 192
128024 184
128136 184
128256 177
128368 176
128480 176
128592 167
128704 167
128816 167
128928 163
129040 159
129152 159
129272 158
129384 156
129496 152
129608 152
129720 147
129832 143
129948 143
130060 142
130172 135
130288 135
130400 127
130512 127
130628 127
130740 127
130852 127
130964 126
131076 124
131188 120
131304 120
131420 120
131532 115
131644 113
131756 112
131868 112
131980 112
132092 112
132204 103
132324 103
132436 103
132548 103
132660 103
132772 103
132884 99
132996 99
133108 99
133220 99
133340 99
133452 99
133564 99
133676 97
133788 99
133900 99
134012 99
134124 99
134236 99
134356 99
134468 99
134580 99
134692 103
134804 103
134916 103
135028 103
135144 103
135256 103
135372 110
135484 112
135596 112
135708 112
135824 112
135936 113
136048 120
136160 120
136272 120
136388 124
136504 124
136616 127
136728 127
136840 127
136952 127
137064 127
137176 127
137288 135
137400 135
137520 143
137632 143
137744 143
137856 152
137968 152
138080 156
138192 158
138304 159
138416 159
138536 159
138648 163
138760 167
138872 167
138984 176
139096 176
139208 177
139320 184
139432 184
139552 184
139664 192
139776 192
139888 192
140000 193
140112 195
140224 199
140340 199
140452 199
140568 206
140680 207
140792 207
140904 207
141020 216
141132 216
141244 216
141356 220
141468 224
141584 224
141700 224
141812 224
141924 224
142036 225
142148 227
142260 227
142372 227
142484 231
142604 231
142716 231
142828 231
142940 231
143052 231
143164 231
143276 231
143388 231
143500 231
143620 231
143732 231
143844 231
143956 231
144068 231
144180 231
144292 231
144404 231
144516 231
144628 231
144740 231
144852 227
144964 227
145076 227
145196 225
145308 225
145420 224
145532 224
145644 224
145756 224
145868 220
145980 220
146096 216
146212 216
146324 216
146436 207
146548 207
146660 207
146772 206
146888 199
147000 199
147112 199
147228 195
147340 193
147452 192
147568 192
147680 192
147792 188
147904 184
148016 184
148128 179
148244 176
148360 176
148472 167
148584 167
148696 167
148808 163
148920 159
149032 159
149144 158
149264 156
149376 152
149488 152
149600 147
149712 143
149824 143
149936 142
150048 135
150160 135
150280 127
150392 127
150504 127
150616 127
150728 127
150840 127
150952 124
151064 124
151176 120
151296 120
151408 120
151520 113
151632 112
151744 112
151856 112
151968 112
152084 103
152196 103
152312 103
152424 103
152536 103
152648 103
152764 103
152876 99
152988 99
153100 99
153212 99
153328 99
153444 99
153556 97
153668 97
153780 99
153892 99
154004 99
154116 99
154228 99
154348 99
154460 99
154572 99
154684 103
154796 103
154908 103
155020 103
155132 103
155244 103
155364 112
155476 112
155588 112
155700 112
155812 113
155924 115
156036 120
156148 120
156260 120
156380 124
156492 126
156604 127
156716 127
156828 127
156940 127
157052 127
157164 135
157280 135
157396 143
157508 143
157620 143
157732 152
157844 152
157960 152
158072 156
158184 159
158296 159
158408 159
158524 163
158640 167
158752 167
158864 172
158976 176
159088 176
159200 179
159312 184
159424 184
159544 192
159656 192
159768 192
159880 193
159992 195
160104 199
160216 199
160328 199
160440 206
160560 207
160672 207
160784 207
160896 216
161008 216
161120 216
161232 220
161344 224
161456 224
161576 224
161688 224
161800 224
161912 225
162024 227
162136 227
162248 227
162360 231
162476 231
162592 231
162704 231
162816 231
162928 231
163040 231
163156 231
163268 231
163380 231
163492 231
163608 236
163720 238
163836 231
163948 231
164060 231
164172 231
164284 231
164396 231
164508 231
164628 231
164740 231
164852 231
164964 227
165076 227
165188 227
165300 225
165412 224
165524 224
165644 224
165756 224
165868 224
165980 220
166092 216
166204 216
166316 216
166428 207
166540 207
166660 207
166772 206
166884 199
166996 199
167108 199
167220 195
167332 193
167444 192
167556 192
167676 192
167788 184
167900 184
168012 184
168124 177
168236 176
168352 176
168464 167
168576 167
168692 167
168804 159
168916 159
169032 159
169144 158
169256 156
169368 152
169480 152
169592 143
169708 143
169824 143
169936 135
170048 135
170160 127
170272 127
170384 127
170496 127
170608 127
170728 127
170840 124
170952 124
171064 120
171176 120
171288 120
171400 113
171512 112
171624 112
171744 112
171856 112
171968 110
172080 103
172192 103
172304 103
172416 103
172528 103
172640 103
172760 99
172872 99
172984 99
173096 99
173208 99
173320 99
173432 99
173544 97
173656 99
173768 99
173880 99
173996 99
174108 99
174224 99
174336 99
174448 103
174560 103
174672 103
174784 103
174896 103
175016 103
175128 103
175240 110
175352 112
175464 112
175576 112
175688 112
175800 113
175912 120
176032 120
176144 120
176256 124
176368 126
176480 127
176592 127
176704 127
176816 127
176928 127
177048 127
177160 135
177272 135
177384 143
177496 143
177608 143
177720 152
177832 152
177944 152
178064 156
178176 159
178288 159
178400 159
178512 163
178624 167
178736 167
178848 176
178964 176
179080 177
179192 184
179304 184
179416 188
179528 192
179644 192
179756 192
179868 193
179980 195
180096 199
180208 199
180324 206
180436 207
180548 207
180660 207
180772 211
180884 216
180996 216
181116 216
181228 220
181340 224
181452 224
181564 224
181676 224
181788 224
181900 225
182012 227
182132 227
182244 227
182356 231
182468 231
182580 231
182692 231
182804 231
182916 231
183028 231
183148 231
183260 231
183372 231
183484 231
183596 236
183708 231
183820 231
183932 231
184044 231
184164 231
184276 231
184388 231
184500 231
184612 231
184724 231
184840 231
184952 227
185064 227
185180 225
185292 225
185404 224
185520 224
185632 224
185744 224
185856 220
185968 216
186080 216
186192 216
186312 211
186424 207
186536 207
186648 207
186760 199
186872 199
186984 199
187096 195
187208 193
187328 192
187440 192
187552 192
187664 192
187776 184
187888 184
188000 179
188112 176
188224 176
188344 174
188456 167
188568 167
188680 163
188792 159
188904 159
189016 158
189128 156
189240 152
189360 152
189472 147
189584 143
189696 143
189808 143
189920 135
190036 135
190148 127
190260 127
190376 127
190488 127
190600 127
190716 126
190828 124
190940 120
191052 120
191164 120
191276 120
191392 113
191508 112
191620 112
191732 112
191844 112
191956 103
192068 103
192180 103
192292 103
192412 103
192524 103
192636 103
192748 99
192860 99
192972 99
193084 99
193196 99
193308 99
193428 99
193540 99
193652 99
193764 99
193876 99
193988 99
194100 99
194212 99
194324 99
194444 103
194556 103
194668 103
194780 103
194892 103
195004 103
195116 110
195232 112
195344 112
195460 112
195572 113
195684 113
195796 120
195912 120
196024 120
196136 124
196248 124
196360 126
196476 127
196592 127
196704 127
196816 127
196928 127
197040 135
197152 135
197264 143
197376 143
197496 143
197608 152
197720 152
197832 156
197944 158
198056 159
198168 159
198280 159
198392 163
198512 167
198624 167
198736 174
198848 176
198960 176
199072 177
199184 184
199296 184
199408 192
199528 192
199640 192
199752 192
199864 195
199976 195
200088 199
200200 199
200312 206
200428 207
200544 207
200656 207
200768 216
200880 216
200992 216
201108 220
201220 224
201332 224
201444 224
201560 224
201672 224
201788 225
201900 227
202012 227
202124 227
202236 231
202348 231
202464 231
202576 231
202688 231
202800 231
202920 231
203032 231
203144 231
203256 236
203368 236
203480 236
203592 236
203704 236
203816 231
203936 231
204048 231
204160 231
204272 231
204384 231
204496 231
204608 231
204724 231
204836 227
204952 227
205064 225
205176 225
205288 224
205404 224
205516 224
205628 224
205740 220
205852 216
205968 216
206084 216
206196 211
206308 207
206420 207
206532 207
206644 199
206756 199
206868 199
206988 195
207100 195
207212 192
207324 192
207436 192
207548 192
207660 184
207772 184
207884 179
208004 176
208116 176
208228 174
208340 167
208452 167
208564 163
208676 159
208788 159
208900 159
209020 156
209132 152
209244 152
209356 147
209468 143
209580 143
209692 142
209804 135
209920 135
210036 127
210148 127
210260 127
210372 127
210484 127
210600 126
210712 124
210824 120
210936 120
211052 120
211164 115
211280 113
211392 112
211504 112
211616 112
211728 110
211840 103
211952 103
212072 103
212184 103
212296 103
212408 103
212520 103
212632 99
212744 99
212856 99
212968 99
213088 99
213200 99
213312 99
213424 99
213536 99
213648 99
213760 99
213872 99
213984 99
214104 99
214216 103
214328 103
214440 103
214552 103
214664 103
214776 103
214888 103
215000 110
215120 112
215232 112
215344 112
215456 112
215568 113
215680 120
215796 120
215908 120
216020 124
216136 124
216248 127
216360 127
216476 127
216588 127
216700 127
216812 127
216924 135
217036 135
217148 143
217268 143
217380 143
217492 152
217604 152
217716 156
217828 156
217940 159
218052 159
218164 159
218284 163
218396 167
218508 167
218620 176
218732 176
218844 177
218956 184
219068 184
219180 184
219300 192
219412 192
219524 192
219636 192
219748 195
219860 199
219972 199
220084 199
220196 206
220316 207
220428 207
220540 207
220652 216
220764 216
220876 216
220992 220
221104 220
221216 224
221332 224
221444 224
221556 224
221672 225
221784 227
221896 227
222008 227
222120 231
222232 231
222348 231
222464 231
222576 231
222688 231
222800 231
222912 231
223024 231
223136 231
223248 236
223368 231
223480 231
223592 238
223704 231
223816 231
223928 231
224040 231
224152 231
224264 231
224384 231
224496 231
224608 231
224720 227
224832 227
224944 225
225056 224
225168 224
225280 224
225400 224
225512 220
225624 220
225736 216
225848 216
225960 216
226072 207
226184 207
226300 207
226416 207
226528 199
226640 199
226752 199
226864 199
226980 195
227092 193
227204 192
227316 192
227432 192
227544 184
227660 184
227772 184
227884 177
227996 176
228108 176
228220 167
228332 167
228452 163
228564 159
228676 159
228788 159
228900 158
229012 156
229124 152
229236 152
229348 143
229468 143
229580 143
229692 135
229804 135
229916 127
230028 127
230140 127
230252 127
230364 127
230484 127
230596 124
230708 124
230820 120
230932 120
231044 120
231156 115
231268 113
231380 112
231492 112
231604 112
231716 110
231828 103
231940 103
232052 103
232172 103
232284 103
232396 103
232508 103
232620 99
232732 99
232844 99
232956 99
233068 99
233188 99
233300 99
233412 99
233524 99
233636 99
233748 99
233860 99
233972 99
234084 99
234196 103
234316 103
234428 103
234540 103
234652 103
234764 103
234876 103
234988 112
235100 112
235212 112
235332 112
235444 113
235556 115
235668 120
235780 120
235892 120
236008 124
236120 126
236232 127
236348 127
236460 127
236572 127
236688 127
236800 135
236912 135
237024 142
237136 143
237248 143
237364 152
237480 152
237592 152
237704 156
237816 158
237928 159
238040 159
238152 163
238264 167
238384 167
238496 167
238608 176
238720 176
238832 179
238944 184
239056 184
239168 192
239280 192
239400 192
239512 192
239624 193
239736 195
239848 199
239960 199
240072 199
240184 207
240296 207
240416 207
240528 211
240640 216
240752 216
240864 216
240976 220
241088 224
241204 224
241316 224
241432 224
241544 225
241656 225
241768 227
241884 227
241996 231
242108 231
242220 231
242332 231
242448 231
242564 231
242676 231
242788 231
242900 231
243012 231
243124 231
243236 231
243348 236
243468 231
243580 231
243692 231
243804 231
243916 231
244028 231
244140 231
244252 231
244364 231
244484 231
244596 227
244708 227
244820 227
244932 225
245044 224
245156 224
245268 224
245380 224
245500 224
245612 220
245724 216
245836 216
245948 216
246060 209
246172 207
246284 207
246400 207
246516 199
246628 199
246740 199
246852 195
246964 193
247080 192
247192 192
247304 192
247416 192
247532 184
247644 184
247760 177
247872 176
247984 176
248096 167
248208 167
248320 167
248432 163
248552 159
248664 159
248776 158
248888 156
249000 152
249112 152
249224 143
249336 143
249448 143
249560 142
249680 135
249792 135
249904 127
250016 127
250128 127
250240 127
250352 127
250464 126
250576 124
250696 120
250808 120
250920 120
251032 115
251144 113
251256 112
251368 112
251480 112
251592 110
251712 103
251824 103
251936 103
252048 103
252160 103
252272 103
252384 103
252496 99
252608 99
252728 99
252840 99
252952 99
253064 99
253176 99
253288 99
253400 97
253516 99
253628 99
253744 99
253856 99
253968 99
254080 103
254192 103
254308 103
254420 103
254532 103
254644 103
254760 103
254872 112
254988 112
255100 112
255212 112
255324 113
255436 115
255548 120
255660 120
255780 120
255892 124
256004 124
256116 127
256228 127
256340 127
256452 127
256564 127
256676 127
256796 135
256908 135
257020 143
257132 143
257244 145
257356 152
257468 152
257580 156
257692 158
257812 159
257924 159
258036 159
258148 163
258260 167
258372 167
258484 176
258596 176
258708 176
258828 179
258940 184
259052 184
259164 192
259276 192
259388 192
259504 192
259616 195
259728 195
259844 199
259956 199
260068 206
260184 207
260292 207
260404 207
260516 216
260628 216
260748 216
260860 220
260972 224
261084 224
261196 224
261308 224
261420 224
261532 225
261644 227
261764 227
261876 227
261988 231
262100 231
262212 231
262324 231
262436 231
262548 231
262660 231
262780 231
262892 231
263004 236
263116 236
263228 236
263340 236
263456 236
263568 231
263680 231
263796 231
263908 231
264020 231
264136 231
264248 231
264360 231
264472 231
264584 227
264696 227
264812 225
264928 225
265040 224
265152 224
265264 224
265376 224
265488 220
265600 220
265712 216
265832 216
265944 216
266056 207
266168 207
266280 207
266392 206
266504 199
266616 199
266728 195
266848 193
266960 192
267072 192
267184 192
267296 192
267408 184
267520 184
267632 179
267744 176
267864 176
267976 176
268088 167
268200 167
268312 163
268424 159
268536 159
268652 159
268764 158
268876 156
268992 152
269104 152
269216 143
269332 143
269444 143
269556 135
269668 135
269780 127
269892 127
270008 127
270124 127
270236 127
270348 127
270460 124
270572 124
270684 120
270796 120
270908 120
271028 115
271140 113
271252 112
271364 112
271476 112
271588 110
271700 103
271812 103
271924 103
272044 103
272156 103
272268 103
272380 99
272492 99
272604 99
272716 99
272828 99
272940 99
273060 99
273172 99
273284 99
273396 99
273508 99
273620 99
273732 99
273848 99
273960 99
274076 99
274188 103
274300 103
274412 103
274528 103
274640 103
274752 103
274864 110
274976 112
275092 112
275208 112
275320 113
275432 115
275544 120
275656 120
275768 120
275880 124
275992 126
276112 127
276224 127
276336 127
276448 127
276560 127
276672 135
276784 135
276896 142
277008 143
277128 143
277240 152
277352 152
277464 152
277576 156
277688 159
277800 159
277912 159
278024 163
278144 167
278256 167
278368 172
278480 176
278592 176
278704 179
278816 184
278928 184
279044 192
279160 192
279272 192
279384 192
279496 195
279608 195
279724 199
279836 199
279948 199
280060 207
280176 207
280288 207
280404 216
280516 216
280628 216
280740 220
280852 220
280964 224
281076 224
281196 224
281308 224
281420 225
281532 227
281644 227
281756 227
281868 227
281980 231
282092 231
282212 231
282324 231
282436 231
282548 231
282660 231
282772 231
282884 231
282996 231
283108 231
283228 231
283340 231
283452 231
283564 231
283676 231
283788 231
283900 231
284012 231
284124 231
284236 231
284356 231
284468 227
284580 227
284692 227
284804 225
284916 224
285032 224
285144 224
285256 224
285372 224
285484 220
285596 216
285708 216
285820 216
285932 209
286044 207
286156 207
286268 206
286388 199
286500 199
286612 199
286724 195
286836 193
286948 192
287060 192
287172 192
287284 188
287404 184
287516 184
287628 177
287740 176
287852 176
287964 167
288076 167
288192 167
288304 159
288420 159
288532 159
288644 158
288756 156
288872 152
288984 152
289096 147
289208 143
289320 143
289436 135
289548 135
289660 127
289776 127
289888 127
290000 127
290116 127
290228 127
290340 124
290452 124
290564 120
290676 120
290792 120
290908 113
291020 113
291132 112
291244 112
291356 112
291468 112
291580 103
291692 103
291812 103
291924 103
292036 103
292148 103
292260 99
292372 99
292484 99
292596 99
292708 99
292828 99
292940 99
293052 99
293164 99
293276 99
293388 99
293500 99
293612 99
293724 99
293844 99
293956 103
294068 103
294180 103
294292 103
294404 103
294516 103
294628 103
294744 112
294856 112
294972 112
295084 112
295196 113
295308 115
295424 120
295536 120
295648 120
295760 124
295872 126
295988 127
296100 127
296212 127
296324 127
296436 127
296548 135
296660 135
296772 142
296884 143
297004 143
297116 147
297228 152
297340 152
297452 156
297564 159
297676 159
297788 159
297904 163
298020 167
298132 167
298244 167
298356 176
298468 176
298584 177
298696 184
298808 184
298920 192
299036 192
299148 192
299264 192
299376 193
299488 195
299600 199
299712 199
299824 199
299936 207
300056 207
300168 207
300280 211
300392 216
300504 216
300616 220
300728 220
300840 224
300952 224
301072 224
301184 224
301296 224
301408 224
301520 225
301632 225
301744 227
301856 227
301968 231
302088 231
302200 231
302312 231
302424 231
302536 231
302648 231
302760 231
302872 231
302984 231
303104 231
303216 231
303328 231
303440 231
303552 231
303664 231
303780 231
303892 231
304004 231
304120 231
304232 231
304344 231
304460 227
304572 227
304684 225
304796 225
304908 224
305020 224
305136 224
305252 224
305364 220
305476 216
305588 216
305700 216
305812 211
305924 207
306036 207
306156 207
306268 199
306380 199
306492 199
306604 195
306716 193
306828 192
306940 192
307052 192
307172 188
307284 184
307396 184
307508 177
307620 176
307732 176
307844 167
307956 167
308068 167
308188 163
308300 159
308412 159
308524 158
308636 156
308748 152
308860 152
308976 147
309088 143
309204 143
309316 143
309428 135
309540 135
309656 127
309768 127
309880 127
309992 127
310104 127
310220 126
310336 124
310448 120
310560 120
310672 120
310784 115
310896 113
311008 112
311120 112
311232 112
311348 110
311460 103
311572 103
311684 103
311796 103
311908 103
312020 103
312132 103
312244 99
312364 99
312476 99
312588 99
312700 99
312812 99
312924 99
313036 99
313148 99
313264 99
313380 99
313492 99
313604 99
313716 99
313828 103
313940 103
314056 103
314168 103
314280 103
314396 103
314508 103
314620 110
314736 112
314848 112
314960 112
315072 113
315184 115
315296 120
315412 120
315528 120
315640 124
315752 124
315864 127
315976 127
316088 127
316200 127
316312 127
316432 127
316544 135
316656 135
316768 143
316880 143
316992 147
317104 152
317216 152
317328 156
317448 158
317560 159
317672 159
317784 159
317896 163
318008 167
318120 167
318240 176
318352 176
318464 177
318576 184
318688 184
318800 184
318912 192
319028 192
319140 192
319256 193
319368 195
319480 199
319592 199
319708 199
319820 206
319932 207
320044 207
320156 207
320268 216
320384 216
320496 216
320608 220
320720 224
320832 224
320944 224
321056 224
321168 224
321280 225
321400 227
321512 227
321624 227
321736 231
321848 231
321960 231
322072 231
322188 231
322300 231
322416 231
322528 231
322640 231
322752 231
322868 238
322980 236
323092 236
323204 236
323316 231
323432 231
323548 231
323660 231
323772 231
323884 231
323996 231
324108 231
324220 231
324332 227
324452 227
324564 227
324676 225
324788 224
324900 224
325012 224
325124 224
325236 220
325348 220
325468 216
325580 216
325692 216
325804 207
325916 207
326028 207
326140 199
326252 199
326364 199
326484 195
326596 195
326708 192
326820 192
326932 192
327044 192
327156 184
327268 184
327380 184
327500 176
327612 176
327724 176
327836 167
327948 167
328060 163
328176 159
328288 159
328400 159
328516 156
328628 156
328740 152
328856 152
328968 143
329080 143
329192 142
329304 135
329416 127
329532 127
329648 127
329760 127
329872 127
329984 127
330096 126
330208 124
330320 120
330432 120
330552 120
330664 115
330776 113
330888 112
331000 112
331112 112
331224 112
331336 110
331448 103
331568 103
331680 103
331792 103
331904 103
332016 103
332128 103
332240 99
332352 99
332464 99
332584 99
332696 99
332808 99
332920 99
333032 99
333144 99
333256 99
333372 99
333484 99
333600 99
333712 99
333824 103
333936 103
334052 103
334164 103
334276 103
334388 103
334500 103
334616 110
334732 112
334844 112
334956 112
335068 113
335180 115
335292 120
335404 120
335516 120
335628 124
335744 126
335856 127
335968 127
336080 127
336192 127
336304 127
336416 135
336528 135
336640 142
336760 143
336872 143
336984 152
337096 152
337208 152
337320 156
337432 159
337544 159
337660 159
337776 163
337888 167
338000 167
338112 176
338224 176
338336 176
338452 179
338564 184
338676 184
338792 192
338904 192
339016 192
339132 193
339244 195
339356 195
339468 199
339580 199
339692 206
339808 207
339924 207
340036 207
340148 216
340260 216
340372 216
340484 220
340596 220
340708 224
340828 224
340940 224
341052 224
341164 225
341276 227
341388 227
341500 227
341612 231
341724 231
341844 231
341956 231
342068 231
342180 231
342292 231
342404 231
342516 231
342628 231
342740 231
342860 236
342972 236
343084 231
343196 231
343308 231
343420 231
343532 231
343648 231
343760 231
343876 231
343988 231
344100 231
344212 227
344328 227
344440 227
344552 225
344664 224
344776 224
344892 224
345008 224
345120 220
345232 220
345344 216
345456 216
345568 216
345680 207
345792 207
345912 207
346024 206
346136 199
346248 199
346360 199
346472 195
346584 193
346696 192
346808 192
346928 192
347048 188
347160 184
347272 184
347384 177
347496 176
347608 176
347720 167
347832 167
347944 167
348064 159
348176 159
348288 159
348400 158
348512 156
348624 152
348736 152
348848 145
348960 143
349080 143
349192 142
349304 135
349416 127
349528 127
349640 127
349752 127
349864 127
349980 127
350096 126
350208 124
350320 120
350432 120
350544 120
350660 115
350772 113
350884 112
350996 112
351112 112
351224 110
351340 103
351452 103
351564 103
351676 103
351788 103
351900 103
352012 103
352132 99
352244 99
352356 99
352468 99
352580 99
352692 99
352804 99
352916 99
353028 99
353148 99
353260 99
353372 99
353484 99
353596 99
353708 103
353820 103
353932 103
354044 103
354164 103
354276 103
354388 103
354500 110
354612 112
354724 112
354836 112
354948 112
355060 113
355180 120
355292 120
355404 120
355516 124
355628 124
355740 126
355856 127
355968 127
356080 127
356196 127
356308 127
356420 135
356536 142
356648 143
356760 143
356872 147
356984 152
357096 152
357208 156
357324 158
357436 159
357548 159
357660 159
357772 163
357884 167
357996 167
358108 176
358220 176
358340 177
358452 184
358564 184
358676 188
358788 192
358900 192
359016 192
359128 193
359240 195
359356 199
359468 199
359580 199
359696 207
359808 207
359920 207
360032 211
360144 216
360256 216
360372 216
360488 220
360600 224
360712 224
360824 224
360936 224
361048 224
361160 225
361272 227
361392 227
361504 227
361616 231
361728 231
361840 231
361952 231
362064 231
362176 231
362288 231
362408 231
362520 231
362632 231
362744 231
362856 238
362968 238
363080 231
363192 231
363304 231
363424 231
363536 231
363648 231
363760 231
363872 231
363984 227
364096 227
364208 227
364324 225
364440 225
364552 224
364664 224
364776 224
364888 224
365004 224
365116 220
365228 216
365340 216
365456 216
365568 211
365684 207
365796 207
365908 207
366020 199
366132 199
366244 199
366356 195
366476 193
366588 192
366700 192
366812 192
366924 192
367036 184
367148 184
367260 179
367372 176
367492 176
367604 176
367716 167
367828 167
367940 163
368052 159
368164 159
368276 159
368388 156
368508 152
368620 152
368732 152
368844 143
368956 143
369068 142
369180 135
369292 135
369404 127
369524 127
369636 127
369748 127
369860 127
369972 126
370084 124
370200 124
370312 120
370424 120
370540 120
370652 113
370764 112
370880 112
370992 112
371104 112
371216 110
371328 103
371440 103
371556 103
371672 103
371784 103
371896 103
372008 99
372120 99
372232 99
372344 99
372456 99
372568 99
372684 99
372796 99
372908 99
373020 99
373132 99
373244 99
373356 99
373468 99
373580 99
373700 103
373812 103
373924 103
374036 103
374148 103
374260 103
374372 103
374484 112
374600 112
374716 112
374828 112
374940 113
375052 120
375164 120
375280 120
375392 124
375504 124
375616 126
375732 127
375844 127
375964 127
376076 127
376188 127
376304 135
376420 135
376532 143
376644 143
376756 145
376868 152
376980 152
377092 156
377204 156
377324 159
377436 159
377548 159
377660 163
377772 167
377884 167
377996 174
378108 176
378220 176
378340 179
378452 184
378564 184
378676 192
378788 192
378900 192
379012 193
379124 195
379236 199
379356 199
379468 199
379580 206
379692 207
379804 207
379916 211
380028 216
380140 216
380252 216
380372 220
380484 224
380596 224
380708 224
380820 224
380932 224
381044 225
381160 227
381272 227
381388 227
381500 231
381612 231
381724 231
381840 231
381952 231
382064 231
382176 231
382288 231
382404 236
382520 236
382632 236
382744 236
382856 231
382968 231
383080 231
383192 231
383304 231
383424 231
383536 231
383648 231
383760 231
383872 231
383984 231
384096 227
384208 227
384320 225
384440 225
384552 224
384664 224
384776 224
384888 224
385000 220
385112 216
385224 216
385336 216
385456 211
385568 207
385680 207
385792 207
385904 199
386016 199
386128 199
386240 195
386356 195
386472 192
386584 192
386696 192
386808 192
386920 184
387036 184
387148 179
387260 176
387372 176
387488 174
387600 167
387716 167
387828 163
387940 159
388052 159
388164 158
388276 156
388388 152
388500 152
388620 145
388732 143
388844 143
388956 142
389068 135
389180 127
389292 127
389404 127
389516 127
389636 127
389748 127
389860 124
389972 124
390084 120
390196 120
390308 120
390420 115
390532 113
390652 112
390764 112
390876 112
390988 112
391100 103
391212 103
391324 103
391436 103
391552 103
391668 103
391780 99
391892 99
392004 99
392116 99
392232 99
392344 99
392456 99
392568 99
392684 99
392796 99
392912 99
393024 99
393136 99
393248 99
393360 99
393472 103
393584 103
393704 103
393816 103
393928 103
394040 103
394152 103
394264 110
394376 112
394488 112
394600 112
394720 112
394832 113
394944 120
395056 120
395168 120
395280 124
395392 124
395504 126
395616 127
395736 127
395848 127
395960 127
396072 127
396184 135
396296 135
396408 143
396520 143
396632 143
396752 152
396864 152
396976 152
397088 156
397200 158
397312 159
397428 159
397540 163
397652 167
397768 167
397880 176
397992 176
398108 176
398220 179
398332 184
398444 184
398556 192
398668 192
398784 192
398900 193
399012 195
399124 199
399236 199
399348 199
399460 206
399572 207
399684 207
399804 207
399916 216
400028 216
400140 216
400252 220
400364 220
400476 224
400588 224
400700 224
400820 225
400932 225
401044 227
401156 227
401268 227
401380 231
401492 231
401604 231
401716 231
401836 231
401948 231
402060 231
402172 231
402284 231
402396 231
402508 231
402624 231
402736 231
402852 231
402964 231
403076 231
403188 231
403304 231
403416 231
403528 231
403640 231
403752 227
403868 227
403984 227
404096 227
404208 225
404320 225
404432 224
404544 224
404656 224
404768 224
404884 220
404996 220
405108 216
405220 216
405332 216
405444 207
405564 207
405676 207
405788 199
405900 199
406012 199
406124 195
406236 195
406348 192
406460 192
406580 192
406692 192
406804 184
406916 184
407028 184
407140 177
407252 176
407364 176
407476 167
407596 167
407708 163
407820 159
407932 159
408044 159
408156 158
408268 156
408380 152
408496 152
408612 143
408724 143
408836 143
408948 135
409060 135
409176 127
409288 127
409400 127
409512 127
409628 127
409740 126
409856 124
409968 124
410080 120
410192 120
410304 120
410416 113
410528 112
410648 112
410760 112
410872 112
410984 110
411096 103
411208 103
411320 103
411432 103
411544 103
411664 103
411776 99
411888 99
412000 99
412112 99
412224 99
412336 99
412448 99
412560 99
412680 99
412792 99
412904 99
413016 99
413128 99
413240 99
413352 99
413464 103
413576 103
413696 103
413808 103
413920 103
414032 103
414144 103
414256 112
414372 112
414484 112
414596 112
414712 113
414824 115
414936 120
415052 120
415164 120
415276 124
415388 126
415500 127
415612 127
415724 127
415844 127
415956 127
416068 127
416180 135
416292 142
416404 143
416516 143
416628 147
416740 152
416860 152
416972 156
417084 158
417196 159
417308 159
417420 163
417532 167
417644 167
417756 172
417876 176
417988 176
418100 177
418212 184
418324 184
418436 192
418548 192
418660 192
418772 192
418892 195
419004 195
419116 199
419228 199
419340 199
419452 207
419568 207
419680 207
419792 216
419908 216
420020 216
420132 216
420248 220
420360 224
420472 224
420584 224
420696 224
420808 225
420924 225
421040 227
421152 227
421264 231
421376 231
421488 231
421600 231
421712 231
421824 231
421944 231
422056 231
422168 231
422280 231
422392 231
422504 231
422616 231
422728 231
422840 231
422960 231
423072 231
423184 231
423296 231
423408 231
423520 231
423632 231
423744 231
423856 227
423976 227
424088 227
424200 225
424312 225
424424 224
424536 224
424648 224
424764 224
424876 220
424992 216
425104 216
425216 216
425328 211
425444 207
425556 207
425668 206
425780 199
425892 199
426008 199
426124 195
426236 193
426348 192
426460 192
426572 192
426684 188
426796 184
426908 184
427028 177
427140 176
427252 176
427364 167
427476 167
427588 167
427700 163
427812 159
427924 159
428044 158
428156 156
428268 152
428380 152
428492 147
428604 143
428716 143
428828 142
428940 135
429060 127
429172 127
429284 127
429396 127
429508 127
429620 127
429732 124
429844 124
429960 120
430076 120
430188 120
430300 115
430412 113
430524 112
430640 112
430752 112
430864 110
430976 103
431092 103
431204 103
431320 103
431432 103
431544 103
431656 99
431768 99
431880 99
431992 99
432104 99
432220 99
432332 99
432444 99
432556 99
432668 99
432780 99
432892 99
433004 99
433116 99
433236 99
433348 103
433460 103
433572 103
433684 103
433800 103
433912 103
434024 103
434140 103
434252 112
434364 112
434480 112
434592 112
434704 113
434820 120
434932 120
435044 120
435156 120
435268 124
435380 126
435496 127
435612 127
435724 127
435836 127
435948 127
436060 135
436172 135
436284 142
436396 143
436516 143
436628 147
436740 152
436852 152
436964 156
437076 158
437188 159
437300 159
437412 159
437532 167
437644 167
437756 167
437868 176
437980 176
438092 179
438204 184
438316 184
438428 192
438548 192
438660 192
438772 193
438884 195
438996 195
439108 199
439220 199
439332 206
439448 207
439564 207
439676 207
439788 216
439900 216
440012 216
440128 220
440240 220
440352 224
440464 224
440580 224
440692 224
440808 225
440920 227
441032 227
441144 227
441256 231
441368 231
441480 231
441600 231
441712 231
441824 231
441936 231
442048 231
442160 231
442272 231
442384 238
442496 236
442616 231
442728 231
442840 231
442952 231
443064 231
443176 231
443288 231
443400 231
443512 231
443632 231
443744 231
443856 227
443968 227
444080 227
444192 225
444304 224
444416 224
444528 224
444648 224
444760 224
444872 220
444984 216
445096 216
445208 216
445324 207
445436 207
445548 207
445664 206
445776 199
445888 199
446004 199
446116 195
446228 193
446340 192
446452 192
446564 192
446680 184
446796 184
446908 184
447020 177
447132 176
447244 176
447356 167
447468 167
447580 163
447692 159
447808 159
447920 159
448032 158
448144 156
448256 152
448368 152
448480 145
448592 143
448704 143
448824 135
448936 135
449048 127
449160 127
449272 127
449384 127
449496 127
449608 127
449724 126
449840 124
449952 120
450064 120
450176 120
450288 115
450404 113
450516 112
450628 112
450740 112
450856 103
450968 103
451084 103
451196 103
451308 103
451420 103
451532 103
451644 99
451756 99
451876 99
451988 99
452100 99
452212 97
452324 99
452436 99
452548 97
452660 99
452772 99
452892 99
453004 99
453116 99
453228 99
453340 103
453452 103
453564 103
453676 103
453788 103
453908 103
454020 103
454132 112
454244 112
454356 112
454468 112
454580 113
454692 113
454804 120
454924 120
455036 124
455148 124
455260 126
455372 127
455484 127
455600 127
455712 127
455824 127
455940 127
456052 135
456164 135
456280 143
456392 143
456504 143
456616 152
456728 152
456840 156
456956 158
457072 159
457184 159
457296 163
457408 167
457520 167
457632 167
457744 176
457856 176
457976 177
458088 184
458200 184
458312 192
458424 192
458536 192
458648 192
458760 193
458872 195
458992 199
459104 199
459216 199
459328 207
459440 207
459552 207
459664 211
459776 216
459888 216
460008 216
460120 220
460232 224
460344 224
460456 224
460568 224
460680 225
460796 225
460908 227
461024 227
461136 231
461248 231
461360 231
461476 231
461588 231
461700 231
461812 231
461924 231
462040 231
462156 231
462268 231
462380 231
462492 231
462604 231
