20 177
140 184
252 184
364 188
476 192
588 192
700 192
812 193
924 195
1036 195
1156 199
1268 199
1380 199
1492 199
1604 206
1716 207
1828 207
1940 207
2056 207
2172 216
2284 216
2396 216
2508 216
2620 216
2736 220
2848 220
2960 220
3072 224
3188 224
3300 224
3416 224
3528 224
3640 224
3752 224
3864 224
3976 224
4088 224
4208 224
4320 224
4432 224
4544 224
4656 224
4768 224
4880 224
4992 224
5104 224
5224 224
5336 224
5448 220
5560 220
5672 220
5784 216
5896 216
6008 216
6120 216
6240 216
6352 209
6464 207
6576 207
6688 207
6800 207
6912 206
7024 199
7136 199
7256 199
7368 199
7480 195
7592 195
7704 193
7816 192
7932 192
8044 192
8156 192
8272 188
8384 184
8496 184
8612 184
8724 177
8836 176
8948 176
9060 167
9172 167
9288 167
9404 163
9516 159
9628 159
9740 159
9852 156
9964 152
10076 152
10188 147
10308 143
10420 143
10532 142
10644 135
10756 135
10868 127
10980 127
11092 127
11204 127
11324 127
11436 127
11548 126
11660 124
11772 124
11884 120
11996 120
12108 120
12220 120
12332 120
12452 113
12564 113
12676 112
12788 112
12900 112
13012 112
13128 112
13240 112
13352 112
13468 110
13580 110
13692 110
13808 110
13920 103
14032 110
14144 110
14256 110
14368 110
14484 110
14600 110
14712 112
14824 112
14936 112
15048 112
15160 112
15272 112
15384 112
15504 112
15616 112
15728 113
15840 115
15952 120
16064 120
16176 120
16288 120
16400 120
16520 124
16632 124
16744 126
16856 127
16968 127
17080 127
17192 127
17304 127
17416 127
17536 127
17648 127
17760 135
17872 135
17984 142
18096 143
18208 143
18324 145
18436 152
18552 152
18664 152
18776 156
18888 158
19004 159
19116 159
19228 159
19340 163
19452 167
19568 167
19684 176
19796 176
19908 177
20020 184
20132 184
20244 188
20356 192
20468 192
20588 192
20700 193
20812 195
20924 195
21036 199
21148 199
21260 199
21372 206
21484 207
21604 207
21716 207
21828 207
21940 211
22052 216
22164 216
22276 216
22388 216
22500 216
22620 220
22732 220
22844 220
22956 224
23068 224
23180 224
23292 224
23404 224
23520 224
23636 224
23748 224
23860 224
23972 224
24084 224
24200 224
24312 224
24424 224
24536 224
24652 224
24764 224
24880 224
24992 224
25104 224
25216 224
25328 220
25440 220
25552 216
25672 216
25784 216
25896 216
26008 216
26120 216
26232 211
26344 207
26456 207
26568 207
26688 207
26800 207
26912 206
27024 199
27136 199
27248 199
27360 195
27472 195
27584 193
27696 192
27816 192
27928 192
28040 192
28152 192
28264 184
28376 184
28488 179
28600 177
28716 176
28832 176
28948 167
29068 167
29180 167
29292 163
29404 159
29516 159
29628 159
29740 156
29852 152
29964 152
30084 152
30196 143
30308 143
30420 142
30532 135
30644 135
30756 127
30872 127
30984 127
31100 127
31212 127
31324 127
31436 126
31552 124
31664 124
31776 120
31888 120
32000 120
32116 120
32232 120
32344 113
32456 113
32568 112
32680 112
32792 112
32904 112
33016 112
33136 112
33248 112
33360 112
33472 112
33584 112
33696 112
33808 110
33920 110
34032 110
34152 110
34264 110
34376 112
34488 110
34600 112
34712 112
34824 112
34936 112
35048 112
35168 112
35280 112
35392 112
35504 112
35616 113
35728 113
35840 115
35952 120
36068 120
36184 120
36296 120
36408 120
36520 124
36632 124
36748 126
36860 127
36972 127
37084 127
37200 127
37312 127
37428 127
37540 127
37652 135
37764 135
37876 142
37988 143
38100 143
38220 143
38332 152
38444 152
38556 152
38668 156
38780 158
38892 159
39004 159
39116 159
39228 163
39348 167
39460 167
39572 176
39684 176
39796 176
39908 184
40020 184
40132 184
40244 192
40364 192
40476 192
40588 192
40700 195
40812 195
40924 199
41036 199
41148 199
41264 199
41380 207
41492 207
41604 207
41716 207
41828 216
41944 216
42056 216
42168 216
42280 216
42396 216
42508 216
42624 216
42736 220
42848 220
42960 220
43072 224
43184 224
43296 224
43416 224
43528 224
43640 224
43752 224
43864 224
43976 224
44088 224
44200 224
44312 224
44432 224
44544 224
44656 224
44768 224
44880 224
44992 224
45104 220
45216 220
45328 220
45448 220
45560 216
45672 216
45784 216
45896 216
46008 216
46120 216
46232 211
46344 207
46464 207
46576 207
46688 207
46800 206
46912 199
47024 199
47140 199
47252 199
47364 195
47480 195
47592 193
47704 192
47820 192
47932 192
48044 192
48156 188
48268 184
48380 184
48496 179
48612 176
48724 176
48836 176
48948 167
49060 167
49172 163
49284 159
49396 159
49516 159
49628 158
49740 156
49852 152
49964 152
50076 143
50188 143
50300 143
50412 135
50532 135
50644 127
50756 127
50868 127
50980 127
51092 127
51204 127
51316 126
51428 124
51548 124
51660 120
51772 120
51884 120
51996 120
52108 120
52220 115
52332 113
52448 113
52564 112
52676 112
52788 112
52900 112
53012 112
53128 112
53240 112
53352 112
53464 112
53580 110
53692 110
53808 110
53920 110
54032 110
54144 110
54256 110
54368 110
54480 112
54592 112
54712 112
54824 112
54936 112
55048 112
55160 112
55272 112
55384 112
55496 113
55608 113
55728 113
55840 120
55952 120
56064 120
56176 120
56288 120
56400 124
56512 124
56624 126
56744 127
56856 127
56968 127
57080 127
57192 127
57304 127
57416 127
57528 135
57644 135
57760 135
57876 143
57988 143
58108 143
58220 147
58332 152
58444 152
58556 156
58668 156
58780 159
58892 159
59004 159
59124 163
59236 167
59348 167
59460 172
59572 176
59684 176
59796 179
59912 184
60024 184
60140 192
60252 192
60364 192
60476 192
60592 193
60704 195
60816 199
60928 199
61040 199
61156 199
61272 207
61384 207
61496 207
61608 207
61720 207
61832 216
61944 216
62056 216
62176 216
62288 216
62400 216
62512 220
62624 220
62736 220
62848 224
62960 224
63072 224
63192 224
63304 224
63416 224
63528 224
63640 224
63752 224
63864 224
63976 224
64088 224
64208 224
64320 224
64432 224
64544 224
64656 224
64768 224
64880 224
64992 224
65108 220
65224 220
65336 220
65448 216
65560 216
65672 216
65788 216
65900 216
66012 216
66124 211
66240 207
66352 207
66468 207
66580 207
66692 207
66804 199
66916 199
67028 199
67140 199
67252 195
67368 195
67480 193
67592 192
67704 192
67816 192
67928 192
68040 188
68152 184
68264 184
68384 179
68496 176
68608 176
68720 176
68832 167
68944 167
69056 167
69168 163
69280 159
69400 159
69512 158
69624 156
69736 152
69848 152
69960 152
70072 143
70188 143
70300 142
70416 135
70528 135
70640 127
70752 127
70868 127
70980 127
71092 127
71204 127
71316 127
71432 124
71548 124
71660 120
71772 120
71884 120
71996 120
72108 120
72220 113
72332 113
72452 112
72564 112
72676 112
72788 112
72900 112
73012 112
73124 112
73236 112
73348 112
73468 110
73580 110
73692 110
73804 110
73916 110
74028 110
74140 110
74252 110
74364 110
74484 112
74596 112
74708 112
74820 112
74932 112
75044 112
75156 112
75268 112
75384 113
75500 113
75612 115
75724 120
75836 120
75948 120
76064 120
76176 120
76288 124
76400 124
76516 126
76628 126
76744 127
76856 127
76968 127
77080 127
77192 127
77304 127
77416 127
77536 135
77648 135
77760 143
77872 143
77984 143
78096 143
78208 152
78320 152
78432 152
78552 156
78664 158
78776 159
78888 159
79000 163
79112 167
79224 167
79336 167
79448 176
79568 176
79680 177
79792 184
79904 184
80016 192
80128 192
80240 192
80352 192
80464 193
80584 195
80696 199
80808 199
80920 199
81032 199
81144 206
81256 207
81372 207
81484 207
81600 207
81712 211
81824 216
81936 216
82052 216
82164 216
82276 216
82388 220
82500 220
82612 220
82728 224
82840 224
82952 224
83064 224
83176 224
83288 224
83400 224
83512 224
83624 224
83744 224
83856 224
83968 224
84080 224
84192 224
84304 224
84416 224
84532 224
84644 224
84760 224
84872 224
84984 224
85096 220
85212 220
85324 220
85436 216
85548 216
85660 216
85776 216
85892 216
86004 211
86116 207
86228 207
86340 207
86452 207
86564 207
86676 199
86792 199
86908 199
87020 199
87132 199
87248 195
87360 195
87476 192
87588 192
87700 192
87812 192
87924 192
88036 184
88148 184
88268 184
88380 177
88492 176
88604 176
88716 174
88828 167
88940 167
89052 163
89164 159
89284 159
89396 159
89508 156
89620 156
89732 152
89844 147
89956 143
90068 143
90180 142
90300 135
90412 135
90524 127
90636 127
90748 127
90860 127
90972 127
91084 127
91196 126
91316 124
91428 124
91540 120
91652 120
91764 120
91876 120
91992 120
92104 120
92216 113
92332 113
92444 112
92556 112
92672 112
92784 112
92896 112
93008 112
93120 112
93232 112
93348 112
93464 112
93576 110
93688 112
93800 110
93912 110
94024 110
94136 110
94248 112
94368 112
94480 112
94592 112
94704 112
94816 112
94928 112
95040 112
95152 112
95264 112
95376 113
95496 113
95608 115
95720 120
95832 120
95944 120
96056 120
96168 120
96280 124
96392 124
96512 126
96624 127
96736 127
96848 127
96960 127
97072 127
97184 127
97296 127
97408 135
97528 135
97640 142
97752 143
97864 143
97976 143
98088 152
98200 152
98312 152
98428 156
98544 158
98656 159
98768 159
98880 159
98992 163
99108 167
99220 167
99332 174
99444 176
99560 176
99672 184
99788 184
99900 184
100012 192
100124 192
100236 192
100348 192
100460 193
100580 195
100692 199
100804 199
100916 199
101028 206
101140 207
101252 207
101364 207
101476 207
101596 211
101708 216
101820 216
101932 216
102044 216
102156 216
102268 220
102380 220
102492 220
102612 224
102724 224
102836 224
102948 224
103060 224
103172 224
103284 224
103396 224
103508 224
103628 224
103740 224
103852 224
103964 224
104076 224
104188 224
104304 224
104416 224
104528 224
104644 224
104756 224
104868 220
104984 220
105096 220
105208 220
105320 216
105432 216
105544 216
105660 216
105776 216
105888 216
106000 211
106112 207
106224 207
106336 207
106448 207
106560 206
106680 199
106792 199
106904 199
107016 199
107128 195
107240 195
107352 193
107464 192
107576 192
107696 192
107808 192
107920 188
108032 184
108144 184
108256 179
108368 176
108480 176
108592 176
108712 167
108824 167
108936 167
109048 159
109160 159
109272 159
109384 158
109496 156
109612 152
109728 152
109840 143
109952 143
110064 143
110176 135
110292 135
110404 127
110516 127
110628 127
110744 127
110856 127
110972 127
111084 126
111196 126
111308 124
111420 124
111532 120
111644 120
111756 120
111872 120
111984 115
112096 113
112208 113
112320 112
112432 112
112544 112
112656 112
112768 112
112888 112
113000 112
113112 112
113224 112
113336 112
113448 112
113560 110
113672 112
113784 110
113904 110
114016 112
114128 112
114240 112
114352 112
114464 112
114576 112
114692 112
114804 112
114920 112
115032 112
115144 112
115256 113
115372 115
115484 115
115596 120
115716 120
115828 120
115940 120
116056 120
116168 124
116280 124
116396 124
116508 126
116620 127
116732 127
116844 127
116956 127
117068 127
117184 127
117296 127
117408 135
117520 135
117632 142
117744 143
117856 143
117968 147
118080 152
118200 152
118312 156
118424 158
118536 159
118648 159
118760 159
118872 163
118988 167
119100 167
119216 174
119328 176
119440 176
119552 179
119668 184
119780 184
119892 192
120004 192
120116 192
120232 192
120348 195
120460 195
120572 199
120684 199
120796 199
120908 199
121020 207
121132 207
121252 207
121364 207
121476 211
121588 216
121700 216
121812 216
121924 216
122036 216
122148 220
122268 220
122380 220
122492 224
122604 224
122716 224
122828 224
122940 224
123052 224
123164 224
123284 224
123396 224
123508 224
123620 224
123732 224
123844 224
123956 224
124068 224
124184 224
124300 224
124412 224
124524 224
124636 224
124748 224
124860 224
124976 220
125088 220
125200 220
125316 216
125428 216
125540 216
125656 216
125768 216
125880 211
125992 207
126104 207
126216 207
126332 207
126448 207
126560 199
126672 199
126784 199
126896 199
127008 195
127120 195
127232 193
127352 192
127464 192
127576 192
127688 192
127800 188
127912 184
128024 184
128136 179
128248 176
128368 176
128480 176
128592 167
128704 167
128816 167
128928 163
129040 159
129152 159
129264 158
129384 156
129496 152
129608 152
129720 145
129832 143
129944 143
130056 142
130172 135
130284 135
130400 127
130512 127
130624 127
130736 127
130852 127
130964 127
131076 126
131188 124
131300 124
131416 120
131532 120
131644 120
131756 120
131868 115
131980 113
132092 113
132204 112
132316 112
132428 112
132544 112
132656 112
132768 112
132880 112
132992 112
133104 112
133216 110
133328 110
133440 110
133560 110
133672 110
133784 110
133896 110
134008 112
134120 112
134232 112
134344 112
134460 112
134576 112
134688 112
134800 112
134912 112
135024 112
135136 113
135252 113
135364 115
135476 120
135592 120
135704 120
135816 120
135932 120
136044 124
136156 124
136268 126
136380 127
136492 127
136608 127
136724 127
136836 127
136948 127
137060 127
137172 135
137284 135
137396 135
137508 143
137628 143
137740 143
137852 147
137964 152
138076 152
138188 152
138300 156
138412 158
138524 159
138644 159
138756 163
138868 167
138980 167
139092 167
139204 176
139316 176
139428 177
139540 184
139660 184
139772 192
139884 192
139996 192
140108 192
140220 193
140332 195
140448 199
140560 199
140676 199
140788 199
140900 206
141012 207
141128 207
141240 207
141352 207
141464 216
141576 216
141692 216
141808 216
141920 216
142032 216
142144 220
142256 220
142368 220
142480 224
142592 224
142712 224
142824 224
142936 224
143048 224
143160 224
143272 224
143384 224
143496 224
143608 224
143728 224
143840 224
143952 224
144064 224
144176 224
144288 224
144400 224
144512 224
144628 224
144740 224
144852 220
144964 220
145084 220
145196 216
145308 216
145420 216
145532 216
145644 216
145756 216
145868 209
145980 207
146100 207
146212 207
146324 207
146436 206
146548 199
146660 199
146772 199
146884 199
146996 195
147116 195
147228 193
147340 192
147452 192
147564 192
147676 192
147788 184
147904 184
148016 184
148132 177
148244 176
148356 176
148468 167
148584 167
148696 167
148808 163
148920 159
149032 159
149148 159
149264 156
149376 156
149488 152
149600 152
149712 143
149824 143
149936 143
150048 135
150168 135
150280 127
150392 127
150504 127
150616 127
150728 127
150840 127
150952 126
151064 124
151184 124
151296 120
151408 120
151520 120
151632 120
151744 120
151856 115
151968 113
152080 112
152200 112
152312 112
152424 112
152536 112
152648 112
152760 112
152872 112
152984 112
153100 112
153216 112
153328 110
153440 110
153552 110
153664 110
153780 110
153892 110
154004 112
154116 112
154232 112
154344 112
154460 112
154572 112
154684 112
154796 112
154908 112
155020 112
155132 113
155252 115
155364 120
155476 120
155588 120
155700 120
155812 120
155924 124
156036 124
156148 124
156260 126
156380 127
156492 127
156604 127
156716 127
156828 127
156940 127
157052 127
157164 135
157276 135
157396 142
157508 143
157620 143
157732 143
157844 152
157956 152
158068 152
158180 156
158292 158
158412 159
158524 159
158636 159
158748 163
158860 167
158972 167
159084 176
159196 176
159308 177
159428 184
159540 184
159652 188
159764 192
159876 192
159988 192
160100 193
160216 195
160328 195
160444 199
160556 199
160668 199
160780 206
160896 207
161008 207
161120 207
161232 207
161344 211
161460 216
161576 216
161688 216
161800 216
161912 220
162024 220
162136 220
162248 220
162360 224
162480 224
162592 224
162704 224
162816 224
162928 224
163040 224
163152 224
163264 224
163376 224
163496 224
163608 224
163720 224
163832 224
163944 224
164056 224
164168 224
164280 224
164392 224
164512 224
164624 224
164736 220
164848 220
164960 220
165072 216
165184 216
165296 216
165412 216
165528 216
165640 216
165752 211
165864 207
165976 207
166092 207
166204 207
166316 206
166428 199
166544 199
166656 199
166772 199
166884 195
166996 195
167108 193
167220 192
167332 192
167444 192
167564 192
167676 184
167788 184
167900 184
168012 177
168124 176
168236 176
168348 176
168460 167
168580 167
168692 167
168804 159
168916 159
169028 159
169140 158
169252 156
169364 152
169476 152
169596 143
169708 143
169820 142
169932 135
170044 135
170156 127
170268 127
170380 127
170492 127
170612 127
170724 127
170836 127
170948 126
171060 124
171172 124
171288 120
171400 120
171512 120
171628 120
171740 115
171852 113
171968 113
172080 112
172192 112
172304 112
172416 112
172528 112
172640 112
172756 112
172868 112
172980 112
173092 110
173204 110
173316 110
173428 110
173544 110
173656 110
173768 110
173880 112
173992 112
174108 112
174224 112
174336 112
174448 112
174560 112
174672 112
174788 112
174900 112
175012 113
175124 113
175240 115
175352 120
175468 120
175580 120
175692 120
175804 120
175916 124
176028 124
176140 126
176260 127
176372 127
176484 127
176596 127
176708 127
176820 127
176932 127
177044 127
177156 135
177268 142
177388 143
177500 143
177612 143
177724 145
177836 152
177948 152
178060 156
178172 156
178284 159
178404 159
178516 159
178628 163
178740 167
178852 167
178964 167
179076 176
179188 176
179300 179
179420 184
179532 184
179644 192
179756 192
179868 192
179980 192
180092 193
180204 195
180316 199
180436 199
180548 199
180660 199
180772 206
180884 207
180996 207
181108 207
181224 207
181336 216
181452 216
181564 216
181676 216
181788 216
181904 216
182016 216
182128 220
182240 220
182352 220
182468 220
182584 220
182696 224
182808 224
182920 224
183032 224
183144 224
183256 224
183368 224
183488 224
183600 224
183712 224
183824 224
183936 224
184048 224
184160 224
184272 224
184384 224
184504 224
184616 224
184728 220
184840 220
184952 216
185064 216
185176 216
185288 216
185400 216
185520 216
185632 216
185744 207
185856 207
185968 207
186080 207
186192 207
186304 206
186420 199
186536 199
186648 199
186760 199
186872 195
186984 193
187100 192
187212 192
187324 192
187436 192
187552 192
187664 184
187780 184
187892 184
188004 177
188116 176
188228 176
188340 174
188452 167
188572 167
188684 163
188796 159
188908 159
189020 159
189132 156
189244 156
189356 152
189468 152
189588 143
189700 143
189812 143
189924 135
190036 135
190148 127
190260 127
190372 127
190484 127
190604 127
190716 127
190828 126
190940 124
191052 124
191164 120
191276 120
191388 120
191500 120
191620 120
191732 115
191844 113
191956 112
192068 112
192180 112
192296 112
192408 112
192520 112
192636 112
192748 112
192860 112
192976 112
193088 110
193200 110
193312 110
193424 110
193536 110
193648 110
193764 110
193876 110
193988 112
194100 112
194212 112
194324 112
194436 112
194548 112
194660 112
194780 112
194892 112
195004 113
195116 113
195228 113
195340 120
195456 120
195568 120
195680 120
195796 120
195908 124
196020 124
196136 126
196248 127
196360 127
196472 127
196584 127
196696 127
196812 127
196928 127
197040 135
197152 135
197264 135
197376 143
197488 143
197600 143
197712 152
197832 152
197944 152
198056 156
198168 158
198280 159
198392 159
198504 159
198616 163
198728 167
198848 167
198960 176
199072 176
199184 176
199296 184
199408 184
199520 188
199632 192
199744 192
199864 192
199976 193
200088 195
200200 195
200312 199
200424 199
200536 199
200652 199
200764 206
200880 207
200992 207
201104 207
201216 207
201332 211
201444 216
201556 216
201668 216
201780 216
201896 220
202012 220
202124 220
202236 224
202348 224
202468 224
202580 224
202692 224
202804 224
202924 224
203036 224
203148 224
203260 224
203372 224
203484 224
203596 224
203708 224
203820 224
203940 224
204052 224
204164 224
204276 224
204388 224
204500 224
204612 220
204724 220
204836 220
204956 216
205068 216
205180 216
205292 216
205404 216
205516 207
205628 207
205740 207
205856 207
205972 206
206084 206
206196 199
206308 199
206420 199
206536 199
206648 195
206760 195
206872 193
206988 192
207100 192
207216 192
207328 192
207440 192
207552 184
207664 184
207776 184
207888 177
208008 176
208120 176
208232 174
208344 167
208456 167
208568 163
208680 159
208792 159
208904 159
209024 156
209136 152
209248 152
209360 152
209472 143
209584 143
209696 143
209808 135
209920 135
210040 127
210152 127
210264 127
210376 127
210488 127
210600 127
210712 127
210824 124
210936 124
211056 120
211168 120
211280 120
211392 120
211504 120
211616 115
211732 113
211844 113
211956 112
212068 112
212184 112
212296 112
212412 112
212524 112
212636 112
212748 112
212860 112
212972 112
213084 110
213204 110
213316 110
213428 110
213540 110
213652 112
213764 112
213876 112
213988 112
214100 112
214220 112
214332 112
214444 112
214556 112
214668 112
214780 112
214892 113
215004 113
215116 120
215236 120
215348 120
215460 120
215572 120
215684 120
215796 124
215908 124
216020 126
216132 127
216252 127
216364 127
216476 127
216588 127
216700 127
216812 127
216928 135
217040 135
217152 142
217268 143
217380 143
217492 143
217604 152
217720 152
217832 152
217944 156
218056 158
218168 159
218284 159
218400 159
218512 163
218624 167
218736 167
218848 176
218960 176
219072 177
219184 184
219304 184
219416 188
219528 192
219640 192
219752 192
219864 192
219976 195
220088 195
220200 199
220320 199
220432 199
220544 199
220656 207
220768 207
220880 207
220992 207
221104 211
221216 216
221336 216
221448 216
221560 216
221672 216
221784 220
221896 220
222008 220
222120 224
222236 224
222352 224
222464 224
222576 224
222688 224
222800 224
222916 224
223028 224
223140 224
223252 224
223368 224
223480 224
223596 224
223708 224
223820 224
223932 224
224044 224
224156 224
224268 224
224388 224
224500 220
224612 220
224724 220
224836 216
224948 216
225060 216
225172 216
225284 216
225404 216
225516 207
225628 207
225740 207
225852 207
225964 207
226076 206
226188 199
226300 199
226420 199
226532 199
226644 195
226756 195
226868 193
226980 192
227092 192
227204 192
227316 192
227432 184
227548 184
227660 184
227772 177
227884 176
227996 176
228112 167
228224 167
228336 167
228448 163
228564 159
228676 159
228788 159
228900 158
229012 156
229124 152
229236 152
229348 143
229460 143
229580 143
229692 135
229804 135
229916 135
230028 127
230140 127
230252 127
230364 127
230480 127
230596 127
230708 126
230820 124
230932 124
231044 120
231156 120
231272 120
231392 120
231508 115
231624 113
231736 113
231848 112
231960 112
232072 112
232188 112
232300 112
232412 112
232524 112
232640 112
232752 112
232868 110
232980 110
233092 110
233204 110
233316 110
233428 110
233540 112
233660 112
233772 112
233884 112
233996 112
234108 112
234220 112
234332 112
234444 112
234556 112
234676 112
234788 113
234900 113
235012 115
235124 120
235236 120
235348 120
235460 120
235572 120
235692 124
235804 124
235916 126
236028 127
236140 127
236252 127
236364 127
236476 127
236588 127
236708 127
236820 127
236932 135
237044 135
237156 142
237268 143
237384 143
237496 143
237608 152
237724 152
237836 152
237948 156
238064 158
238176 159
238288 159
238400 159
238512 167
238624 167
238736 167
238852 176
238964 176
239076 177
239188 184
239300 184
239412 188
239524 192
239636 192
239748 192
239868 193
239980 195
240092 199
240204 199
240316 199
240428 199
240544 206
240656 207
240768 207
240884 207
240996 207
241108 216
241224 216
241336 216
241448 216
241560 216
241672 220
241784 220
241900 224
242016 224
242128 224
242240 224
242352 224
242464 224
242576 224
242688 224
242800 224
242920 224
243032 224
243144 224
243256 224
243368 224
243480 224
243592 224
243704 224
243816 224
243936 224
244048 224
244160 224
244272 224
244384 224
244496 220
244608 220
244720 220
244832 216
244952 216
245064 216
245176 216
245288 216
245400 216
245512 207
245624 207
245740 207
245852 207
245968 206
246080 199
246192 199
246304 199
246420 199
246532 199
246644 195
246756 193
246868 192
246984 192
247100 192
247212 192
247324 192
247436 184
247548 184
247660 184
247772 177
247884 176
248004 176
248116 167
248228 167
248340 167
248452 159
248564 159
248676 159
248788 158
248900 156
249020 152
249132 152
249244 145
249356 143
249468 143
249580 135
249692 135
249804 135
249916 127
250036 127
250148 127
250260 127
250372 127
250484 127
250596 126
250708 124
250820 124
250936 120
251052 120
251164 120
251276 120
251388 115
251500 115
251616 113
251728 112
251840 112
251952 112
252068 112
252180 112
252296 112
252408 112
252520 112
252632 112
252744 110
252856 110
252968 110
253088 112
253200 110
253312 110
253424 110
253536 110
253648 112
253760 112
253872 112
253984 112
254096 112
254216 112
254328 112
254440 112
254552 112
254664 112
254776 113
254888 115
255000 120
255112 120
255232 120
255344 120
255456 120
255568 124
255680 124
255792 124
255904 126
256016 127
256132 127
256248 127
256360 127
256472 127
256584 127
256696 127
256812 135
256924 135
257036 142
257148 143
257264 143
257376 143
257492 152
257604 152
257716 152
257828 156
257940 158
258052 159
258164 159
258284 159
258396 167
258508 167
258620 167
258732 176
258844 176
258956 177
259068 184
259180 184
259300 188
259412 192
259524 192
259636 192
259748 193
259860 195
259972 195
260084 199
260196 199
260308 199
260420 206
260532 207
260644 207
260756 207
260868 207
260980 211
261100 216
261212 216
261324 216
261436 216
261548 216
261660 220
261772 220
261884 220
261996 220
262116 224
262228 224
262340 224
262452 224
262564 224
262676 224
262788 224
262900 224
263012 224
263132 224
263244 224
263356 224
263468 224
263580 224
263692 224
263804 224
263916 224
264028 224
264148 224
264260 220
264372 220
264484 220
264596 220
264708 216
264824 216
264936 216
265048 216
265164 216
265276 216
265388 207
265504 207
265616 207
265728 207
265840 207
265952 206
266064 199
266180 199
266296 199
266408 199
266520 195
266632 195
266744 192
266856 192
266968 192
267080 192
267200 188
267312 184
267424 184
267536 184
267648 179
267760 176
267872 176
267984 176
268096 167
268216 167
268328 167
268440 159
268552 159
268664 159
268776 158
268888 156
269000 152
269112 152
269232 143
269344 143
269456 143
269568 135
269680 135
269792 127
269904 127
270020 127
270132 127
270248 127
270360 127
270472 127
270584 126
270700 124
270812 124
270924 120
271036 120
271148 120
271264 120
271380 115
271492 113
271604 113
271716 112
271828 112
271940 112
272052 112
272164 112
272284 112
272396 112
272508 110
272620 108
272732 103
272844 103
272956 110
273068 103
273180 112
273300 110
273412 110
273524 110
273636 112
273748 112
273860 112
273972 112
274084 112
274196 112
274316 112
274428 112
274540 112
274652 112
274764 113
274876 115
274988 120
275100 120
275216 120
275332 120
275444 120
275556 124
275668 124
275780 126
275896 127
276008 127
276120 127
276232 127
276348 127
276460 127
276576 127
276688 135
276800 135
276912 142
277024 143
277136 143
277248 143
277360 147
277476 152
277588 152
277700 156
277812 156
277924 159
278036 159
278148 159
278260 163
278372 167
278492 167
278604 167
278716 176
278828 176
278940 177
279052 184
279164 184
279276 192
279388 192
279508 192
279620 192
279732 193
279844 195
279956 195
280068 199
280180 199
280296 199
280408 206
280524 207
280636 207
280748 207
280860 207
280976 211
281088 216
281200 216
281312 216
281424 216
281540 216
281656 220
281768 220
281880 220
281992 224
282104 224
282216 224
282328 224
282440 224
282560 224
282672 224
282784 224
282896 224
283008 224
283120 224
283232 224
283344 224
283456 224
283576 224
283688 224
283800 224
283912 224
284024 224
284136 224
284248 220
284360 220
284472 220
284592 216
284704 216
284816 216
284928 216
285040 216
285152 216
285264 209
285376 207
285492 207
285608 207
285720 207
285832 206
285944 199
286056 199
286172 199
286284 199
286396 195
286508 195
286624 193
286736 192
286852 192
286964 192
287076 192
287188 184
287300 184
287412 184
287524 179
287644 176
287756 176
287868 176
287980 167
288092 167
288204 167
288316 163
288428 159
288540 159
288660 158
288772 156
288884 152
288996 152
289108 145
289216 143
289328 143
289448 142
289560 135
289672 127
289784 127
289896 127
290008 127
290120 127
290232 127
290344 127
290464 126
290576 124
290688 124
290800 120
290912 120
291024 120
291136 120
291248 115
291364 113
291480 113
291592 112
291704 112
291816 112
291928 112
292044 112
292156 112
292268 112
292380 112
292496 112
292608 112
292724 110
292836 110
292948 110
293060 110
293172 110
293284 110
293396 112
293516 112
293628 112
293740 112
293852 112
293964 112
294076 112
294188 112
294300 112
294412 112
294532 113
294644 113
294756 115
294868 120
294980 120
295092 120
295204 120
295316 120
295428 124
295548 124
295660 126
295772 127
295884 127
295996 127
296108 127
296220 127
296332 127
296444 127
296564 135
296676 135
296788 135
296900 143
297012 143
297124 143
297240 147
297352 152
297464 152
297580 156
297692 158
297804 159
297920 159
298032 159
298144 163
298256 167
298368 167
298480 167
298596 176
298712 176
298824 179
298936 184
299048 184
299160 192
299272 192
299384 192
299496 192
299616 193
299728 195
299840 199
299952 199
300064 199
300176 199
300288 207
300400 207
300512 207
300632 207
300744 207
300856 216
300968 216
301080 216
301192 216
301304 216
301416 220
301528 220
301640 224
301760 224
301872 224
301984 224
302096 224
302208 224
302320 224
302436 224
302548 224
302660 224
302776 224
302888 224
303000 224
303112 224
303224 224
303336 224
303448 224
303560 224
303672 224
303792 224
303904 224
304016 224
304128 224
304240 220
304352 220
304464 220
304576 216
304688 216
304808 216
304920 216
305032 216
305144 216
305256 207
305368 207
305480 207
305596 207
305708 207
305824 206
305936 199
306048 199
306160 199
306276 199
306388 195
306500 193
306612 192
306724 192
306840 192
306956 192
307068 192
307180 184
307292 184
307404 184
307516 177
307628 176
307740 176
307860 167
307972 167
308084 167
308196 163
308308 159
308420 159
308532 159
308644 156
308756 156
308876 152
308988 152
309100 143
309212 143
309324 142
309436 135
309548 135
309660 127
309772 127
309892 127
310004 127
310116 127
310228 127
310340 126
310452 124
310564 124
310676 120
310792 120
310908 120
311020 120
311132 120
311244 113
311356 113
311472 113
311584 112
311696 112
311808 112
311924 112
312036 112
312152 112
312264 112
312376 112
312488 112
312600 112
312712 110
312824 110
312944 110
313056 110
313168 110
313280 110
313392 112
313504 112
313616 112
313728 112
313840 112
313960 112
314072 112
314184 112
314296 112
314408 112
314520 113
314632 115
314744 120
314856 120
314976 120
315088 120
315200 120
315312 124
315424 124
315536 124
315648 126
315760 127
315872 127
315992 127
316104 127
316216 127
316328 127
316440 127
316552 135
316668 135
316780 142
316892 143
317008 143
317120 143
317232 152
317348 152
317460 156
317572 156
317684 159
317796 159
317908 159
318020 163
318136 167
318252 167
318364 167
318476 176
318588 176
318700 177
318816 184
318928 184
319040 188
319152 192
319268 192
319380 192
319492 193
319608 195
319720 195
319832 199
319944 199
320056 199
320168 206
320284 207
320400 207
320512 207
320624 207
320736 209
320848 216
320960 216
321072 216
321184 216
321304 216
321416 220
321528 220
321640 220
321752 224
321864 224
321976 224
322088 224
322200 224
322320 224
322432 224
322544 224
322656 224
322768 224
322880 224
322992 224
323104 224
323216 224
323336 224
323448 224
323560 224
323672 224
323784 224
323896 224
324008 224
324124 220
324236 220
324352 220
324464 216
324576 216
324688 216
324804 216
324916 216
325028 211
325140 207
325252 207
325364 207
325480 207
325592 207
325704 206
325816 199
325928 199
326040 199
326152 199
326264 195
326376 195
326496 193
326608 192
326720 192
326832 192
326944 192
327056 184
327168 184
327284 184
327396 177
327512 176
327624 176
327736 176
327848 167
327964 167
328076 167
328188 159
328300 159
328412 159
328528 158
328644 156
328756 152
328868 152
328980 143
329092 143
329204 143
329316 142
329428 135
329548 127
329660 127
329772 127
329884 127
329996 127
330108 127
330220 127
330332 126
330444 124
330564 124
330676 120
330788 120
330900 120
331012 120
331124 115
331236 113
331348 113
331460 112
331580 112
331692 112
331804 112
331916 112
332028 112
332140 112
332252 112
332364 112
332480 112
332596 110
332708 110
332820 110
332932 110
333044 112
333160 110
333272 112
333384 112
333496 112
333612 112
333724 112
333840 112
333952 112
334064 112
334176 112
334288 112
334400 113
334512 113
334632 115
334744 120
334856 120
334968 120
335080 120
335192 120
335304 124
335416 124
335528 126
335648 127
335760 127
335872 127
335984 127
336096 127
336208 127
336320 127
336432 135
336544 135
336664 135
336776 143
336888 143
337000 143
337112 147
337224 152
337336 152
337448 156
337560 156
337680 159
337792 159
337904 159
338016 163
338128 167
338240 167
338356 174
338468 176
338580 176
338696 184
338808 184
338920 184
339036 192
339148 192
339260 192
339372 192
339484 193
339596 195
339712 195
339828 199
339940 199
340052 199
340164 206
340276 207
340388 207
340500 207
340612 207
340724 216
340840 216
340952 216
341064 216
341176 216
341288 216
341400 216
341512 216
341624 220
341736 220
341856 220
341968 224
342080 224
342192 224
342304 224
342416 224
342528 224
342640 224
342756 224
342872 224
342984 224
343096 224
343208 224
343320 224
343432 224
343548 224
343660 224
343772 224
343888 224
344000 224
344112 224
344228 220
344340 220
344452 216
344564 216
344676 216
344788 216
344904 216
345020 211
345132 207
345244 207
345356 207
345468 207
345580 207
345692 206
345804 199
345924 199
346036 199
346148 199
346260 195
346372 193
346484 192
346596 192
346708 192
346820 192
346940 188
347056 184
347168 184
347288 179
347400 176
347512 176
347624 176
347736 167
347848 167
347960 167
348072 163
348184 159
348304 159
348416 159
348528 156
348640 152
348752 152
348864 147
348976 143
349088 143
349200 143
349312 135
349432 135
349544 127
349656 127
349768 127
349880 127
349992 127
350108 127
350220 126
350332 124
350448 124
350560 120
350672 120
350788 120
350900 120
351012 120
351124 113
351236 113
351348 112
351464 112
351580 112
351692 112
351804 112
351916 112
352028 112
352140 112
352252 112
352364 110
352484 103
352596 108
352708 110
352820 108
352932 110
353044 110
353156 112
353268 112
353380 112
353500 112
353612 112
353724 112
353836 112
353948 112
354060 112
354172 112
354284 112
354396 113
354516 115
354628 120
354740 120
354852 120
354964 120
355076 120
355188 124
355304 124
355416 126
355532 126
355644 127
355756 127
355868 127
355984 127
356096 127
356208 127
356320 127
356432 135
356548 135
356664 143
356776 143
356888 143
357000 145
357112 152
357224 152
357336 156
357448 156
357568 158
357680 159
357792 159
357904 163
358016 167
358128 167
358240 167
358352 176
358464 176
358584 177
358696 184
358808 184
358920 188
359032 192
359144 192
359256 192
359368 193
359480 195
359600 195
359712 199
359824 199
359936 199
360048 206
360160 207
360272 207
360384 207
360496 207
360616 216
360728 216
360840 216
360952 216
361064 216
361176 216
361292 220
361404 220
361516 220
361632 224
361744 224
361856 224
361972 224
362084 224
362196 224
362308 224
362420 224
362532 224
362648 224
362764 224
362876 224
362988 224
363100 224
363212 224
363324 224
363436 224
363548 224
363668 224
363780 224
363892 224
364004 220
364116 220
364228 220
364340 216
364452 216
364564 216
364676 216
364796 216
364908 216
365020 207
365132 207
365244 207
365356 207
365468 206
365580 206
365692 199
365812 199
365924 199
366036 199
366148 195
366260 195
366372 192
366484 192
366596 192
366708 192
366828 192
366940 184
367052 184
367164 184
367276 177
367388 176
367500 176
367612 174
367728 167
367844 167
367956 163
368068 159
368180 159
368292 159
368408 158
368520 156
368632 152
368744 152
368860 143
368972 143
369088 143
369200 135
369312 135
369424 127
369536 127
369648 127
369760 127
369880 127
369992 127
370104 127
370216 124
370328 124
370440 120
370552 120
370664 120
370776 120
370896 120
371008 115
371120 113
371232 112
371344 112
371456 112
371568 112
371680 112
371792 112
371912 112
372024 112
372136 112
372248 112
372360 110
372472 110
372584 110
372696 110
372808 108
372928 110
373040 112
373152 112
373264 112
373376 112
373488 112
373604 112
373716 112
373828 112
373944 112
374056 112
374168 113
374284 113
374396 113
374508 115
374620 120
374732 120
374844 120
374960 120
375076 124
375188 124
375300 124
375412 126
375524 127
375636 127
375748 127
375860 127
375972 127
376084 127
376196 127
376312 135
376424 135
376536 142
376648 143
376760 143
376876 143
376992 152
377104 152
377216 152
377328 156
377440 158
377552 159
377664 159
377776 159
377896 167
378008 167
378120 167
378232 176
378344 176
378456 177
378568 184
378680 184
378792 188
378912 192
379024 192
379136 192
379248 193
379360 195
379472 199
379584 199
379696 199
379808 199
379928 207
380040 207
380152 207
380264 207
380376 207
380488 216
380600 216
380712 216
380828 216
380944 216
381056 216
381168 220
381280 220
381392 220
381508 224
381620 224
381732 224
381844 224
381960 224
382072 224
382188 224
382300 224
382412 224
382524 224
382636 224
382748 224
382860 224
382980 224
383092 224
383204 224
383316 224
383428 224
383540 224
383652 224
383764 224
383876 220
383988 220
384108 220
384220 216
384332 216
384444 216
384556 216
384668 216
384780 216
384892 207
385004 207
385124 207
385236 207
385348 207
385460 206
385572 199
385684 199
385796 199
385908 199
386020 195
386140 193
386252 192
386364 192
386476 192
386588 192
386700 192
386812 184
386924 184
387036 184
387156 177
387268 176
387380 176
387492 174
387604 167
387716 167
387828 163
387944 159
388056 159
388172 159
388284 156
388396 152
388508 152
388624 152
388736 143
388848 143
388960 143
389072 135
389188 135
389304 127
389416 127
389528 127
389640 127
389752 127
389864 127
389976 126
390088 124
390208 124
390320 120
390432 120
390544 120
390656 120
390768 120
390880 115
390992 113
391104 112
391224 112
391336 112
391448 112
391560 112
391672 112
391784 112
391896 112
392008 112
392120 112
392240 112
392352 112
392464 110
392576 112
392688 110
392800 112
392912 110
393024 112
393140 112
393256 112
393368 112
393480 112
393592 112
393704 112
393820 112
393932 112
394044 112
394156 113
394272 113
394384 120
394500 120
394612 120
394724 120
394836 120
394948 120
395060 124
395172 124
395292 126
395404 127
395516 127
395628 127
395740 127
395852 127
395964 127
396076 127
396188 135
396308 135
396420 142
396532 143
396644 143
396756 143
396868 152
396980 152
397092 152
397204 156
397324 158
397436 159
397548 159
397660 159
397772 163
397884 167
397996 167
398108 176
398220 176
398340 177
398452 184
398564 184
398676 188
398788 192
398900 192
399012 192
399128 193
399240 195
399356 195
399468 199
399580 199
399692 199
399808 206
399920 207
400032 207
400144 207
400256 207
400368 211
400484 216
400596 216
400708 216
400820 216
400932 216
401044 220
401156 220
401268 220
401380 224
401500 224
401612 224
401724 224
401836 224
401948 224
402060 224
402172 224
402288 224
402400 224
402516 224
402628 224
402740 224
402852 224
402968 224
403080 224
403192 224
403304 224
403416 224
403532 224
403648 224
403760 220
403872 220
403984 220
404096 216
404208 216
404320 216
404432 216
404552 216
404664 216
404776 207
404888 207
405000 207
405112 207
405224 207
405336 206
405452 199
405568 199
405680 199
405792 199
405904 195
406016 195
406128 193
406240 192
406352 192
406472 192
406584 192
406696 184
406808 184
406920 184
407032 177
407144 176
407256 176
407368 176
407488 167
407600 167
407712 163
407824 159
407936 159
408048 159
408160 158
408272 156
408384 152
408504 152
408616 143
408728 143
408840 143
408952 135
409064 135
409176 127
409288 127
409404 127
409520 127
409632 127
409744 127
409856 127
409968 124
410084 124
410196 120
410308 120
410420 120
410536 120
410648 120
410764 120
410876 113
410988 113
411100 113
411212 112
411324 112
411436 112
411548 112
411664 112
411776 112
411888 112
412000 110
412112 110
412224 103
412336 110
412448 110
412560 103
412680 110
412792 110
412904 112
413016 112
413128 112
413240 112
413352 112
413464 112
413576 112
413696 112
413808 112
413920 112
414032 113
414144 113
414256 115
414368 120
414484 120
414596 120
414712 120
414824 120
414936 124
415048 124
415164 126
415276 127
415388 127
415500 127
415612 127
415728 127
415844 127
415956 127
416068 135
416180 135
416292 142
416404 143
416516 143
416628 143
416748 152
416860 152
416972 152
417084 156
417196 158
417308 159
417420 159
417532 159
417644 163
417764 167
417876 167
417988 174
418100 176
418212 176
418324 184
418436 184
418548 184
418660 192
418780 192
418892 192
419004 192
419116 193
419228 195
419340 199
419452 199
419564 199
419680 199
419796 206
419908 207
420020 207
420132 207
420244 207
420360 211
420472 216
420584 216
420696 216
420812 216
420924 216
421040 216
421152 216
421264 220
421376 220
421488 224
421600 224
421712 224
421832 224
421944 224
422056 224
422168 224
422280 224
422392 224
422504 224
422616 224
422728 224
422848 224
422960 224
423072 224
423184 224
423296 224
423408 224
423520 224
423632 220
423744 220
423864 220
423976 216
424088 216
424200 216
424312 216
424424 216
424536 216
424648 211
424760 207
424880 207
424992 207
425104 207
425216 206
425328 199
425440 199
425556 199
425668 199
425780 199
425896 195
426008 193
426120 192
426236 192
426348 192
426460 192
426572 188
426684 184
426796 184
426908 184
427024 177
427136 176
427248 176
427360 167
427472 167
427584 167
427696 163
427808 159
427920 159
428040 159
428152 156
428264 152
428376 152
428488 147
428600 143
428716 143
428828 142
428940 135
429056 135
429168 127
429280 127
429396 127
429508 127
429620 127
429732 127
429844 126
429956 124
430072 124
430188 120
430300 120
430412 120
430524 120
430636 120
430748 113
430860 113
430972 113
431092 112
431204 112
431316 112
431428 112
431540 112
431652 110
431764 112
431876 112
431988 110
432108 110
432220 110
432332 110
432444 110
432556 103
432668 103
432780 103
432892 103
433004 110
433124 110
433236 112
433348 112
433460 112
433572 112
433684 112
433800 112
433912 113
434028 113
434140 113
434252 120
434364 120
434476 120
434588 120
434704 120
434820 124
434932 124
435044 124
435156 126
435268 127
435380 127
435492 127
435604 127
435724 127
435836 127
435948 127
436060 135
436172 135
436284 135
436396 143
436508 143
436620 143
436740 152
436852 152
436964 152
437076 156
437188 158
437300 159
437412 159
437524 159
437636 163
437756 167
437868 167
437980 174
438092 176
438204 176
438316 184
438428 184
438544 184
438656 192
438772 192
438884 192
438996 193
439108 195
439224 195
439336 199
439448 199
439560 199
439672 199
439784 207
439900 207
440012 207
440124 207
440236 209
440348 216
440460 216
440572 216
440684 216
440796 216
440916 220
441028 220
441140 220
441252 224
441364 224
441476 224
441588 224
441704 224
441816 224
441932 224
442044 224
442156 224
442268 224
442384 224
442496 224
442608 224
442720 224
442832 224
442948 224
443064 224
443176 224
443288 224
443400 224
443512 224
443624 220
443736 220
443848 220
443968 216
444080 216
444192 216
444304 216
444416 216
444528 216
444640 211
444752 207
444864 207
444984 207
445096 207
445208 206
445320 199
445432 199
445544 199
445656 199
445768 195
445880 195
446000 193
446112 192
446224 192
446336 192
446448 192
446560 188
446672 184
446784 184
446900 179
447016 177
447128 176
447240 176
447352 167
447464 167
447580 167
447692 163
447804 159
447916 159
448032 158
448144 156
448260 152
448372 152
448484 147
448596 143
448708 143
448820 142
448932 135
449052 135
449164 127
449276 127
449388 127
449500 127
449612 127
449724 127
449836 126
449948 124
450068 124
450180 120
450292 120
450404 120
450516 120
450628 120
450740 113
450852 113
450964 112
451084 112
451196 112
451308 112
451420 112
451532 112
451644 112
451756 112
451868 112
451980 112
452100 112
452212 112
452324 110
452436 110
452548 112
452660 110
452776 112
452888 112
453000 112
453116 112
453228 112
453340 112
453456 112
453568 112
453680 112
453792 112
453904 113
454016 113
454132 115
454248 120
454360 120
454472 120
454584 120
454696 120
454808 124
454920 124
455032 126
455144 127
455260 127
455372 127
455484 127
455596 127
455708 127
455820 127
455932 127
456044 135
456156 135
456276 143
456388 143
456500 143
456612 145
456724 152
456836 152
456948 152
457060 158
457176 158
457292 159
457404 159
457516 159
457628 167
457740 167
457856 167
457968 176
458080 176
458192 177
458308 184
458420 184
458536 192
458648 192
458760 192
458872 192
458984 193
459096 195
459208 199
459328 199
459440 199
459552 199
459664 206
459776 207
459888 207
460000 207
460112 207
460224 211
460344 216
460456 216
460568 216
460680 216
460792 216
460904 220
461016 220
461128 224
461240 224
461360 224
461472 224
461584 224
461696 224
461808 224
461920 224
462032 224
462144 224
462256 224
462376 224
462488 224
462600 224
