20 225
132 227
248 231
360 231
476 231
588 240
700 240
812 240
928 240
1040 241
1152 241
1264 248
1376 248
1492 248
1608 248
1720 248
1832 248
1944 248
2056 248
2168 248
2280 248
2392 248
2504 248
2620 248
2732 248
2844 248
2956 248
3068 248
3180 248
3292 248
3404 248
3516 248
3636 248
3748 248
3860 248
3972 248
4084 248
4196 241
4308 241
4420 240
4536 240
4652 240
4764 240
4876 240
4988 236
5100 231
5212 231
5328 231
5440 231
5552 227
5668 227
5780 225
5892 224
6008 224
6120 224
6232 220
6344 220
6456 216
6568 216
6684 211
6800 207
6912 207
7024 207
7136 199
7248 199
7360 199
7472 199
7584 195
7704 193
7816 192
7928 192
8040 192
8152 192
8264 192
8376 192
8488 192
8600 184
8720 184
8832 184
8944 184
9056 184
9168 184
9280 184
9392 184
9504 184
9616 184
9736 184
9848 179
9960 179
10072 179
10184 184
10296 184
10408 184
10524 184
10636 184
10752 184
10864 184
10976 184
11088 184
11204 184
11316 184
11428 188
11540 192
11652 192
11768 192
11884 192
11996 192
12108 192
12220 192
12332 193
12444 195
12556 195
12668 199
12788 199
12900 199
13012 199
13124 206
13236 207
13348 207
13460 207
13572 211
13684 216
13804 216
13916 220
14028 224
14140 224
14252 224
14364 224
14476 227
14588 227
14700 231
14820 231
14932 231
15044 238
15156 240
15268 240
15380 240
15492 241
15604 241
15720 248
15836 248
15948 248
16060 248
16172 248
16284 248
16396 248
16512 252
16624 252
16736 252
16852 252
16964 252
17076 252
17192 252
17304 252
17416 252
17528 252
17640 252
17752 252
17864 248
17980 248
18092 248
18204 248
18316 248
18428 248
18540 248
18652 241
18764 240
18876 240
18996 240
19108 240
19220 240
19332 238
19444 231
19556 231
19672 231
19784 231
19896 231
20012 227
20124 227
20236 225
20352 224
20464 224
20576 224
20688 224
20800 220
20912 216
21028 216
21144 216
21256 207
21368 207
21480 207
21592 199
21704 199
21816 199
21928 199
22048 195
22160 193
22272 193
22384 192
22496 192
22608 192
22720 192
22832 192
22944 192
23064 188
23176 184
23288 184
23400 184
23512 184
23624 184
23736 184
23848 184
23960 184
24080 184
24192 184
24304 184
24416 184
24528 184
24640 184
24752 184
24868 184
24980 184
25096 184
25208 184
25320 184
25432 184
25548 188
25660 188
25772 192
25884 192
25996 192
26112 192
26228 192
26340 192
26452 192
26564 193
26676 193
26788 195
26900 199
27012 199
27132 199
27244 199
27356 199
27468 206
27580 207
27692 207
27804 207
27916 211
28028 216
28148 216
28260 216
28372 220
28484 224
28596 224
28708 224
28820 225
28940 227
29052 231
29168 231
29280 231
29396 231
29508 240
29620 240
29732 240
29844 240
29956 241
30068 243
30188 248
30300 248
30412 248
30524 248
30636 248
30748 248
30860 248
30972 252
31084 252
31204 252
31316 252
31428 252
31540 252
31652 252
31764 252
31876 252
31988 248
32100 248
32220 248
32332 248
32444 248
32556 248
32668 248
32780 248
32892 248
33004 248
33116 241
33236 241
33348 240
33460 240
33572 240
33684 240
33796 240
33912 231
34024 231
34136 231
34252 231
34364 227
34476 227
34588 225
34704 224
34816 224
34928 224
35040 224
35152 220
35268 216
35384 216
35496 216
35608 207
35720 207
35832 207
35944 199
36056 199
36168 199
36288 199
36400 195
36512 193
36624 192
36736 192
36848 192
36960 192
37072 192
37184 192
37304 192
37416 188
37528 184
37640 184
37752 184
37864 184
37976 184
38088 184
38200 184
38320 184
38432 184
38544 184
38656 184
38768 184
38880 184
38992 184
39104 184
39220 184
39336 184
39448 184
39560 184
39672 184
39784 184
39900 184
40012 184
40124 192
40236 192
40352 192
40464 192
40580 192
40692 192
40804 192
40916 193
41028 193
41140 195
41252 195
41364 199
41484 199
41596 199
41708 199
41820 207
41932 207
42044 207
42156 207
42268 216
42380 216
42500 216
42612 220
42724 224
42836 224
42948 224
43060 225
43172 227
43284 231
43396 231
43516 231
43628 231
43740 240
43852 240
43964 240
44076 240
44188 241
44300 243
44416 248
44532 248
44644 248
44756 248
44868 248
44980 248
45096 248
45208 248
45320 252
45432 252
45548 252
45660 252
45776 252
45888 252
46000 252
46112 252
46224 252
46336 252
46448 248
46568 248
46680 248
46792 248
46904 248
47016 248
47128 248
47240 248
47352 248
47464 243
47584 241
47696 240
47808 240
47920 240
48032 240
48144 236
48256 231
48368 231
48480 231
48600 231
48712 227
48824 227
48936 225
49048 224
49160 224
49272 224
49384 224
49496 220
49616 216
49728 216
49840 216
49952 207
50064 207
50176 207
50292 206
50404 199
50516 199
50632 199
50744 195
50856 193
50972 193
51084 192
51196 192
51308 192
51420 192
51532 192
51648 192
51764 188
51876 184
51988 184
52100 184
52212 184
52324 184
52436 184
52548 184
52668 184
52780 184
52892 184
53004 184
53116 184
53228 184
53340 184
53452 184
53564 184
53684 184
53796 184
53908 184
54020 184
54132 184
54244 184
54356 188
54468 192
54580 192
54700 192
54812 192
54924 192
55036 192
55148 192
55260 193
55372 193
55488 195
55600 195
55716 199
55828 199
55940 199
56052 199
56168 206
56280 207
56392 207
56504 207
56616 211
56732 216
56848 216
56960 220
57072 224
57184 224
57296 224
57408 224
57520 227
57632 227
57744 231
57864 231
57976 231
58088 238
58200 240
58312 240
58424 240
58544 240
58656 241
58768 243
58880 248
58992 248
59104 248
59216 248
59328 248
59440 248
59560 248
59672 252
59784 252
59896 252
60008 252
60120 252
60232 252
60344 252
60456 252
60568 252
60688 252
60800 248
60912 248
61024 248
61136 248
61248 248
61364 248
61476 248
61588 248
61704 248
61816 243
61928 241
62040 240
62152 240
62264 240
62376 240
62488 240
62600 236
62720 231
62832 231
62944 231
63056 231
63168 227
63280 225
63392 225
63504 224
63616 224
63736 224
63848 220
63960 216
64072 216
64184 216
64296 207
64408 207
64524 207
64636 206
64752 199
64864 199
64976 199
65088 195
65204 195
65316 193
65428 192
65540 192
65652 192
65768 192
65884 192
65996 192
66108 188
66220 184
66332 184
66444 184
66556 184
66668 184
66788 184
66900 184
67012 184
67124 184
67236 184
67348 184
67460 184
67572 184
67684 184
67804 184
67916 184
68028 184
68140 184
68252 184
68364 184
68476 184
68588 184
68700 184
68820 192
68932 192
69044 192
69156 192
69268 192
69380 192
69492 192
69604 193
69720 193
69836 195
69948 195
70060 199
70172 199
70284 199
70400 199
70512 206
70624 207
70736 207
70852 207
70964 211
71080 216
71192 216
71304 220
71416 220
71528 224
71640 224
71752 224
71872 227
71984 227
72096 231
72208 231
72320 231
72432 238
72544 240
72656 240
72768 240
72888 241
73000 241
73112 248
73224 248
73336 248
73448 248
73560 248
73672 248
73784 248
73904 248
74016 248
74128 252
74240 252
74352 252
74464 252
74576 252
74688 252
74800 252
74920 252
75032 252
75144 252
75256 248
75368 248
75480 248
75596 248
75708 248
75820 248
75936 248
76048 248
76160 243
76276 241
76388 240
76500 240
76612 240
76724 240
76836 240
76948 231
77064 231
77176 231
77288 231
77400 227
77512 227
77624 225
77736 224
77848 224
77960 224
78080 224
78192 220
78304 216
78416 216
78528 216
78640 207
78756 207
78868 207
78980 206
79096 199
79208 199
79320 199
79436 195
79548 195
79660 193
79772 192
79884 192
79996 192
80112 192
80228 192
80340 192
80452 192
80564 188
80676 184
80788 184
80900 184
81012 184
81132 184
81244 184
81356 184
81468 184
81580 184
81692 184
81804 184
81916 184
82028 184
82148 184
82260 184
82372 184
82484 184
82596 184
82708 184
82820 184
82932 184
83044 188
83164 192
83276 192
83388 192
83500 192
83612 192
83724 192
83836 192
83952 192
84064 193
84180 195
84292 195
84404 199
84516 199
84632 199
84744 199
84856 199
84968 207
85080 207
85196 207
85312 209
85424 216
85536 216
85648 216
85760 220
85872 224
85984 224
86096 224
86216 225
86328 227
86440 231
86552 231
86664 231
86776 236
86892 240
87004 240
87116 240
87228 241
87340 241
87452 241
87568 248
87680 248
87792 248
87908 248
88020 248
88132 248
88244 248
88360 252
88472 252
88584 252
88696 252
88808 252
88924 252
89040 252
89152 252
89264 252
89376 252
89488 252
89600 252
89712 248
89824 248
89944 248
90056 248
90168 248
90280 248
90392 248
90504 248
90616 243
90728 241
90840 240
90960 240
91072 240
91184 240
91296 238
91408 231
91520 231
91632 231
91744 231
91856 227
91976 227
92088 225
92200 224
92312 224
92424 224
92536 220
92648 216
92760 216
92876 216
92992 211
93104 207
93216 207
93328 206
93440 199
93556 199
93668 199
93780 195
93892 195
94008 195
94120 192
94236 192
94348 192
94460 192
94572 192
94684 192
94796 192
94908 188
95020 184
95136 184
95248 184
95360 184
95472 184
95584 184
95696 184
95808 184
95920 184
96032 184
96152 184
96264 184
96376 184
96488 184
96600 184
96712 184
96824 184
96936 184
97048 184
97168 184
97280 184
97392 184
97504 192
97616 192
97728 192
97840 192
97956 192
98068 192
98184 192
98296 192
98408 193
98520 195
98636 195
98748 195
98860 199
98972 199
99084 199
99200 199
99316 207
99428 207
99540 207
99652 211
99764 216
99876 216
99988 216
100100 220
100220 224
100332 224
100444 224
100556 225
100668 227
100780 231
100892 231
101004 231
101116 231
101236 240
101348 240
101460 240
101572 241
101684 241
101796 243
101908 248
102020 248
102132 248
102252 248
102364 248
102476 248
102588 248
102700 248
102812 252
102924 252
103036 252
103152 252
103268 252
103380 252
103492 252
103604 252
103716 252
103832 248
103944 248
104056 248
104168 248
104284 248
104396 248
104512 248
104624 248
104736 248
104848 243
104960 241
105072 240
105184 240
105304 240
105416 240
105528 240
105640 238
105752 231
105864 231
105976 231
106088 231
106200 227
106320 227
106432 225
106544 224
106656 224
106768 224
106880 220
106992 220
107104 216
107216 216
107336 211
107448 207
107560 207
107672 207
107784 199
107896 199
108008 199
108120 199
108232 195
108352 193
108464 192
108576 192
108688 192
108800 192
108912 192
109028 192
109140 192
109252 188
109368 184
109480 184
109592 184
109708 184
109820 184
109932 184
110044 184
110156 184
110268 184
110380 184
110496 184
110608 184
110720 184
110832 184
110944 184
111056 184
111168 184
111280 184
111392 184
111512 184
111624 184
111736 188
111848 188
111960 192
112072 192
112188 192
112300 192
112412 192
112528 192
112640 192
112752 193
112868 195
112980 195
113092 195
113204 199
113316 199
113428 199
113544 199
113660 207
113772 207
113884 207
113996 207
114108 216
114220 216
114332 216
114444 220
114564 224
114676 224
114788 224
114900 225
115012 227
115124 231
115236 231
115348 231
115460 231
115580 240
115700 240
115812 240
115924 240
116040 241
116152 243
116268 248
116380 248
116492 248
116604 248
116716 248
116828 248
116940 248
117060 248
117172 248
117284 248
117396 248
117508 248
117620 248
117732 248
117844 248
117956 252
118076 248
118188 248
118300 248
118412 248
118524 248
118636 248
118748 248
118860 248
118972 248
119092 248
119204 248
119316 241
119428 241
119540 240
119652 240
119764 240
119876 240
119988 240
120108 231
120220 231
120332 231
120444 231
120556 231
120668 227
120784 225
120896 224
121008 224
121124 224
121236 224
121348 220
121464 216
121576 216
121688 216
121800 207
121912 207
122024 207
122140 206
122256 199
122368 199
122480 199
122592 195
122704 195
122816 193
122928 192
123040 192
123160 192
123272 192
123384 192
123496 192
123608 188
123720 184
123832 184
123944 184
124056 184
124176 184
124288 184
124400 184
124512 184
124624 184
124736 184
124848 184
124960 184
125072 184
125192 184
125304 184
125416 184
125528 184
125640 184
125752 184
125864 184
125980 184
126092 184
126208 188
126320 192
126432 192
126544 192
126660 192
126772 192
126884 192
126996 192
127108 192
127220 193
127340 193
127452 195
127564 199
127676 199
127788 199
127900 199
128012 199
128124 207
128236 207
128356 207
128468 211
128580 216
128692 216
128804 220
128916 224
129028 224
129140 224
129252 225
129372 227
129484 231
129596 231
129708 231
129820 231
129932 240
130044 240
130156 240
130268 240
130388 241
130500 243
130612 248
130724 248
130836 248
130948 248
131060 248
131176 248
131288 248
131404 248
131516 248
131628 252
131740 252
131856 252
131968 252
132080 252
132192 252
132304 252
132420 252
132536 252
132648 252
132760 248
132872 248
132984 248
133096 248
133208 248
133320 248
133440 248
133552 248
133664 243
133776 241
133888 240
134000 240
134112 240
134224 240
134336 240
134456 231
134568 231
134680 231
134792 231
134904 227
135016 227
135128 225
135240 224
135352 224
135472 224
135584 224
135696 220
135808 216
135920 216
136032 216
136144 207
136256 207
136372 207
136488 206
136600 199
136712 199
136824 199
136936 195
137052 195
137164 193
137276 192
137388 192
137504 192
137616 192
137732 192
137844 192
137956 188
138068 184
138180 184
138292 184
138404 184
138524 184
138636 184
138748 184
138860 184
138972 184
139084 184
139196 184
139308 184
139420 184
139540 184
139652 184
139764 184
139876 184
139988 184
140100 184
140212 184
140324 184
140436 184
140556 184
140668 192
140780 192
140892 192
141004 192
141116 192
141228 192
141340 192
141452 192
141572 193
141684 195
141796 195
141908 199
142020 199
142132 199
142244 199
142360 206
142472 207
142588 207
142700 207
142812 216
142924 216
143040 216
143152 220
143264 224
143376 224
143488 224
143600 225
143716 227
143828 227
143940 231
144052 231
144164 231
144276 240
144388 240
144500 240
144620 240
144732 240
144844 241
144960 248
145072 248
145184 248
145300 248
145412 248
145524 248
145636 248
145748 252
145860 252
145976 252
146092 252
146204 252
146316 252
146428 252
146540 252
146652 252
146764 252
146876 252
146996 252
147108 248
147220 248
147332 248
147444 248
147556 248
147668 248
147780 248
147892 248
148012 243
148124 241
148236 240
148348 240
148460 240
148572 240
148684 240
148796 231
148908 231
149028 231
149140 231
149252 227
149364 227
149476 225
149588 224
149700 224
149812 224
149928 224
150044 220
150156 216
150268 216
150380 216
150492 211
150608 207
150720 207
150832 206
150944 199
151060 199
151172 199
151288 195
151400 195
151512 193
151624 192
151736 192
151848 192
151960 192
152080 192
152192 192
152304 192
152416 184
152528 184
152640 184
152752 184
152864 184
152976 184
153096 184
153208 184
153320 184
153432 184
153544 184
153656 184
153768 184
153880 184
153992 184
154104 184
154224 184
154336 184
154448 184
154560 184
154672 184
154784 184
154896 188
155008 192
155124 192
155240 192
155352 192
155464 192
155576 192
155688 192
155804 192
155916 193
156028 195
156140 195
156256 199
156368 199
156484 199
156596 199
156708 206
156820 207
156932 207
157044 207
157156 211
157276 216
157388 216
157500 216
157612 220
157724 224
157836 224
157948 224
158060 225
158172 227
158292 231
158404 231
158516 231
158628 236
158740 240
158852 240
158964 240
159076 240
159188 241
159308 248
159420 248
159532 248
159644 248
159756 248
159868 248
159980 248
160092 248
160204 252
160324 252
160436 252
160548 252
160660 252
160772 252
160884 252
160996 252
161112 252
161224 252
161340 252
161452 248
161564 248
161676 248
161792 248
161904 248
162016 248
162128 248
162240 248
162356 248
162472 241
162584 241
162696 240
162808 240
162920 240
163032 240
163144 231
163256 231
163376 231
163488 227
163600 227
163712 225
163824 224
163936 224
164048 224
164160 224
164272 220
164392 216
164504 216
164616 216
164728 216
164840 207
164952 207
165064 207
165176 206
165288 199
165408 199
165520 199
165632 195
165744 195
165856 193
165968 192
166080 192
166192 192
166308 192
166424 192
166536 192
166648 192
166760 188
166872 184
166988 184
167100 184
167212 184
167324 184
167440 184
167552 184
167668 184
167780 184
167892 184
168004 184
168116 184
168228 184
168340 184
168460 184
168572 184
168684 184
168796 184
168908 184
169020 184
169132 188
169244 188
169356 192
169468 192
169588 192
169700 192
169812 192
169924 192
170036 192
170148 192
170260 193
170372 195
170484 195
170604 199
170716 199
170828 199
170940 199
171052 199
171164 207
171276 207
171388 207
171500 209
171620 216
171732 216
171844 216
171956 220
172068 224
172180 224
172292 224
172404 225
172516 227
172636 231
172748 231
172860 231
172972 236
173084 240
173196 240
173308 240
173424 240
173536 240
173648 241
173768 243
173880 248
173992 248
174104 248
174216 248
174328 248
174440 248
174552 248
174664 248
174784 248
174896 248
175008 248
175120 248
175232 248
175344 248
175456 248
175568 248
175680 248
175800 248
175912 248
176024 248
176136 248
176248 248
176360 248
176472 248
176588 241
176700 241
176816 241
176928 240
177040 240
177152 240
177268 240
177380 240
177492 236
177604 231
177716 231
177832 231
177948 231
178060 227
178172 227
178284 225
178396 224
178508 224
178620 224
178732 220
178852 220
178964 216
179076 216
179188 211
179300 207
179412 207
179524 207
179636 199
179748 199
179860 199
179980 199
180092 195
180204 193
180316 192
180428 192
180540 192
180652 192
180764 192
180876 192
180996 192
181108 184
181220 184
181332 184
181444 184
181556 184
181668 184
181784 184
181896 184
182012 184
182124 184
182236 184
182348 184
182464 184
182576 184
182688 184
182800 184
182912 184
183028 184
183144 184
183256 184
183368 184
183480 184
183592 188
183704 192
183816 192
183928 192
184048 192
184160 192
184272 192
184384 192
184496 192
184608 193
184720 195
184832 195
184944 195
185064 199
185176 199
185288 199
185400 206
185512 207
185624 207
185736 207
185848 211
185960 216
186080 216
186192 216
186304 220
186416 224
186528 224
186640 224
186752 225
186864 227
186976 227
187096 231
187208 231
187320 231
187432 236
187544 240
187656 240
187772 240
187884 240
187996 241
188112 241
188224 248
188336 248
188452 248
188564 248
188676 248
188788 248
188900 248
189012 248
189128 248
189244 248
189356 252
189468 248
189580 248
189692 248
189804 248
189916 248
190028 248
190148 248
190260 248
190372 248
190484 248
190596 248
190708 248
190820 248
190932 243
191044 241
191164 241
191276 240
191388 240
191500 240
191612 240
191724 240
191836 231
191948 231
192060 231
192180 231
192292 227
192404 227
192516 225
192628 224
192740 224
192852 224
192968 224
193080 220
193196 216
193308 216
193420 216
193532 211
193648 207
193760 207
193872 207
193984 206
194096 199
194212 199
194328 199
194440 195
194552 193
194664 193
194776 192
194888 192
195000 192
195112 192
195224 192
195344 192
195456 188
195568 188
195680 184
195792 184
195904 184
196016 184
196128 184
196240 184
196360 184
196472 184
196584 184
196696 184
196808 184
196920 184
197032 184
197144 184
197256 184
197376 184
197488 184
197600 184
197712 184
197824 184
197936 184
198048 184
198164 192
198276 192
198392 192
198504 192
198616 192
198728 192
198844 192
198956 193
199068 195
199180 195
199292 195
199408 199
199524 199
199636 199
199748 199
199860 207
199972 207
200084 207
200196 207
200308 216
200428 216
200540 216
200652 220
200764 224
200876 224
200988 224
201100 225
201212 227
201324 231
201444 231
201556 231
201668 231
201780 240
201892 240
202004 240
202116 240
202228 241
202340 243
202452 241
202572 248
202684 248
202796 248
202908 248
203020 248
203136 248
203248 248
203360 252
203472 252
203588 252
203700 252
203816 252
203928 252
204040 252
204152 252
204264 252
204376 252
204488 252
204608 252
204720 252
204832 248
204944 248
205056 248
205168 248
205280 248
205392 248
205504 248
205624 241
205736 241
205848 240
205960 240
206072 240
206184 240
206296 231
206408 231
206520 231
206640 231
206752 227
206864 227
206976 225
207088 224
207200 224
207312 224
207424 224
207536 220
207656 216
207768 216
207880 216
207992 207
208104 207
208216 207
208332 199
208444 199
208556 199
208672 199
208784 195
208896 195
209012 193
209124 192
209236 192
209348 192
209460 192
209572 192
209688 192
209804 188
209916 184
210028 184
210140 184
210252 184
210364 184
210476 184
210588 184
210700 184
210820 184
210932 184
211044 184
211156 184
211268 184
211380 184
211492 184
211604 184
211716 184
211836 184
211948 184
212060 184
212172 184
212284 184
212396 184
212508 188
212620 192
212732 192
212852 192
212964 192
213076 192
213188 192
213300 193
213412 195
213528 195
213640 195
213752 199
213868 199
213980 199
214092 199
214208 206
214320 207
214432 207
214544 207
214656 207
214768 216
214884 216
215000 216
215112 220
215224 224
215336 224
215448 224
215560 225
215672 227
215784 231
215904 231
216016 231
216128 238
216240 240
216352 240
216464 240
216576 241
216688 241
216800 248
216920 248
217032 248
217144 248
217256 248
217368 248
217480 248
217592 248
217704 252
217816 252
217936 252
218048 252
218160 252
218272 252
218384 252
218496 252
218608 252
218724 252
218836 252
218952 248
219064 248
219176 248
219288 248
219404 248
219516 248
219628 248
219740 248
219852 243
219968 241
220084 240
220196 240
220308 240
220420 240
220532 240
220644 231
220756 231
220868 231
220988 231
221100 227
221212 227
221324 225
221436 224
221548 224
221660 224
221772 224
221884 220
222004 216
222116 216
222228 216
222340 207
222452 207
222564 207
222676 206
222788 199
222900 199
223020 199
223132 195
223244 195
223356 193
223468 192
223580 192
223692 192
223804 192
223920 192
224036 192
224148 192
224260 184
224372 184
224484 184
224600 184
224712 184
224824 184
224936 184
225052 184
225164 184
225280 179
225392 179
225504 179
225616 184
225728 184
225840 184
225952 184
226072 184
226184 184
226296 184
226408 184
226520 184
226632 184
226744 188
226856 192
226968 192
227080 192
227200 192
227312 192
227424 192
227536 192
227648 192
227760 193
227872 193
227984 195
228096 195
228216 199
228328 199
228440 199
228552 199
228664 206
228776 207
228888 207
229000 207
229116 216
229232 216
229344 216
229456 220
229568 224
229680 224
229792 224
229908 225
230020 227
230132 227
230248 231
230360 231
230472 231
230588 236
230700 240
230812 240
230924 240
231036 240
231148 241
231264 243
