24 284
136 280
248 280
360 271
472 255
584 255
696 255
816 255
928 255
1040 255
1152 252
1264 248
1376 248
1488 241
1600 240
1712 240
1832 231
1944 231
2056 227
2168 225
2280 224
2392 224
2504 220
2616 216
2728 216
2844 207
2960 207
3072 207
3184 199
3296 199
3408 199
3524 195
3636 193
3748 192
3860 192
3976 192
4088 192
4200 184
4312 184
4424 184
4536 177
4648 176
4760 176
4872 176
4992 174
5104 167
5216 167
5328 167
5440 163
5552 159
5664 159
5776 159
5892 159
6008 158
6120 156
6232 156
6344 152
6456 152
6568 152
6684 152
6796 147
6908 143
7024 143
7136 143
7248 143
7364 147
7476 152
7588 156
7700 159
7812 159
7924 163
8040 167
8156 167
8268 176
8380 176
8492 179
8604 184
8716 184
8828 192
8940 192
9060 192
9172 195
9284 199
9396 199
9508 199
9620 207
9732 207
9844 209
9956 216
10076 216
10188 220
10300 224
10412 224
10524 224
10636 227
10748 227
10860 231
10972 231
11092 240
11204 240
11316 240
11428 241
11540 248
11652 248
11764 248
11880 252
11992 252
12108 255
12220 255
12332 255
12444 255
12560 255
12672 255
12784 255
12896 255
13008 255
13124 255
13240 255
13352 271
13464 271
13576 271
13688 280
13800 280
13912 280
14024 280
14144 284
14256 284
14368 284
14480 280
14592 280
14704 271
14816 255
14928 255
15040 255
15160 255
15272 255
15384 255
15496 252
15608 248
15720 248
15832 241
15944 240
16056 240
16176 231
16288 231
16400 227
16512 225
16624 224
16736 224
16848 220
16960 216
17076 216
17192 211
17304 207
17416 207
17528 199
17640 199
17756 199
17868 195
17980 195
18092 193
18208 192
18320 192
18432 192
18548 184
18660 184
18772 184
18884 179
18996 177
19108 176
19220 176
19336 176
19448 167
19560 167
19672 167
19784 163
19896 159
20008 159
20120 159
20232 159
20352 158
20464 158
20576 156
20688 152
20800 152
20912 152
21028 152
21140 145
21252 143
21368 143
21480 143
21592 143
21708 145
21820 152
21932 156
22044 158
22156 159
22268 159
22384 167
22500 167
22612 176
22724 176
22836 177
22948 184
23060 184
23172 192
23284 192
23404 192
23516 195
23628 195
23740 199
23852 199
23964 207
24076 207
24188 207
24300 216
24420 216
24532 220
24644 224
24756 224
24868 224
24980 227
25092 227
25204 231
25316 231
25436 236
25548 240
25660 240
25772 241
25884 248
25996 248
26108 248
26224 252
26336 252
26452 255
26564 255
26676 255
26788 255
26904 255
27016 255
27128 255
27240 255
27352 255
27468 255
27584 255
27696 271
27808 271
27920 271
28032 280
28144 280
28256 280
28368 280
28488 284
28600 284
28712 286
28824 280
28940 280
29056 271
29168 255
29280 255
29392 255
29504 255
29616 255
29728 255
29840 252
29960 248
30072 248
30184 241
30296 240
30408 240
30520 231
30632 231
30744 227
30856 225
30976 224
31088 224
31200 220
31312 216
31424 216
31536 211
31648 207
31760 207
31872 206
31984 199
32104 199
32216 195
32328 195
32440 192
32552 192
32664 192
32780 192
32892 188
33004 184
33120 184
33232 179
33344 177
33460 176
33572 176
33684 174
33796 167
33908 167
34020 167
34136 163
34252 159
34364 159
34476 159
34588 159
34700 158
34812 156
34924 156
35036 152
35156 152
35268 152
35380 152
35492 145
35604 143
35716 143
35828 143
35940 143
36052 143
36172 152
36284 156
36396 158
36508 159
36620 159
36732 167
36844 167
36956 176
37068 176
37188 177
37300 184
37412 184
37524 192
37636 192
37748 192
37860 195
37972 199
38088 199
38204 199
38316 207
38428 207
38540 207
38652 216
38768 216
38880 220
38992 224
39104 224
39220 224
39332 225
39448 227
39560 231
39672 231
39784 238
39896 240
40008 240
40120 241
40240 248
40352 248
40464 248
40576 252
40688 252
40800 254
40912 255
41024 255
41136 255
41256 255
41368 255
41480 255
41592 255
41704 255
41816 255
41928 255
42040 255
42152 271
42272 271
42384 275
42496 280
42608 280
42720 280
42832 280
42944 284
43056 284
43168 280
43288 280
43400 271
43512 255
43624 255
43736 255
43848 255
43964 255
44076 255
44188 254
44304 252
44416 248
44528 243
44644 240
44756 240
44868 231
44980 231
45092 227
45204 227
45320 224
45436 224
45548 220
45660 216
45772 216
45884 216
45996 207
46108 207
46220 206
46340 199
46452 199
46564 195
46676 195
46788 193
46900 192
47012 192
47124 192
47236 192
47348 184
47468 184
47580 184
47692 177
47804 176
47916 176
48028 176
48140 167
48252 167
48364 167
48484 163
48596 163
48708 159
48820 159
48932 159
49044 159
49156 158
49268 156
49380 156
49500 152
49612 152
49724 152
49836 145
49948 143
50060 143
50172 143
50284 143
50400 143
50516 152
50628 156
50740 158
50852 159
50964 159
51080 167
51192 167
51304 174
51416 176
51532 177
51644 184
51760 184
51872 192
51984 192
52096 192
52208 195
52320 195
52432 199
52552 199
52664 207
52776 207
52888 207
53000 216
53112 216
53224 220
53336 224
53448 224
53568 224
53680 225
53792 227
53904 231
54016 231
54128 231
54240 240
54352 240
54464 240
54584 243
54696 248
54808 248
54920 248
55032 252
55144 254
55256 255
55368 255
55480 255
55600 255
55712 255
55824 255
55936 255
56048 255
56160 255
56276 255
56388 255
56500 271
56616 271
56728 275
56840 280
56956 280
57068 280
57180 284
57292 284
57404 286
57516 284
57632 280
57748 271
57864 255
57984 255
58096 255
58208 255
58320 255
58432 255
58544 254
58656 252
58768 248
58880 248
59000 240
59112 240
59224 231
59336 231
59448 227
59560 227
59676 224
59788 224
59900 224
60016 216
60128 216
60240 216
60356 207
60468 207
60580 206
60692 199
60804 199
60916 199
61032 195
61148 193
61260 192
61372 192
61484 192
61596 192
61708 184
61820 184
61932 184
62052 177
62164 176
62276 176
62388 176
62500 167
62612 167
62724 167
62836 167
62948 163
63068 159
63180 159
63292 159
63404 158
63516 156
63628 156
63740 152
63852 152
63964 152
64084 152
64196 143
64308 143
64420 143
64532 143
64644 143
64756 143
64872 152
64984 152
65100 158
65212 159
65324 159
65436 163
65552 167
65664 174
65776 176
65888 177
66000 184
66116 184
66232 192
66344 192
66456 192
66568 193
66680 195
66792 199
66904 199
67016 207
67128 207
67248 207
67360 216
67472 216
67584 220
67696 224
67808 224
67920 224
68032 225
68144 227
68264 231
68376 231
68488 231
68600 240
68712 240
68824 240
68936 243
69048 248
69160 248
69280 252
69392 252
69504 254
69616 255
69728 255
69840 255
69952 255
70068 255
70180 255
70296 255
70408 255
70520 255
70632 255
70748 255
70860 271
70972 271
71084 271
71196 280
71312 280
71428 280
71540 280
71652 284
71764 284
71876 284
71988 280
72100 271
72212 271
72332 255
72444 255
72556 255
72668 255
72780 255
72892 254
73004 252
73116 248
73228 248
73348 240
73460 240
73572 236
73684 231
73796 231
73908 227
74020 224
74132 224
74244 224
74364 220
74476 216
74588 216
74700 207
74812 207
74924 206
75036 199
75148 199
75264 199
75380 195
75492 193
75604 192
75716 192
75828 192
75944 192
76056 184
76168 184
76280 184
76396 177
76508 176
76624 176
76736 176
76848 167
76960 167
77072 167
77184 167
77296 163
77416 159
77528 159
77640 159
77752 159
77864 158
77976 156
78088 156
78200 152
78312 152
78432 152
78544 147
78656 143
78768 143
78880 143
78992 143
79104 143
79216 152
79328 152
79448 156
79560 159
79672 159
79784 163
79896 167
80008 167
80120 176
80232 177
80344 184
80464 184
80576 192
80688 192
80800 192
80912 193
81024 195
81140 199
81252 199
81364 206
81480 207
81592 207
81704 216
81820 216
81932 216
82044 224
82156 224
82268 224
82380 225
82496 227
82612 231
82724 231
82836 231
82948 240
83060 240
83172 240
83284 241
83396 248
83508 248
83624 248
83736 252
83848 254
83960 255
84072 255
84184 255
84296 255
84408 255
84520 255
84640 255
84752 255
84864 255
84976 255
85088 255
85200 271
85312 271
85424 271
85540 271
85656 280
85768 280
85880 280
85992 280
86104 284
86220 280
86332 280
86444 271
86556 271
86672 255
86784 255
86900 255
87012 255
87124 255
87240 254
87352 248
87464 248
87576 241
87688 240
87800 240
87916 231
88032 231
88144 227
88256 225
88368 224
88480 224
88592 224
88704 216
88816 216
88928 216
89044 207
89156 207
89268 207
89380 199
89492 199
89604 199
89716 195
89828 193
89940 192
90060 192
90172 192
90284 192
90396 184
90508 184
90620 184
90732 177
90844 176
90960 176
91076 176
91188 167
91300 167
91412 167
91524 167
91636 163
91752 159
91864 159
91976 159
92092 159
92204 158
92316 156
92432 156
92544 152
92656 152
92768 152
92880 152
92992 143
93108 143
93224 143
93336 143
93448 143
93560 152
93672 152
93784 156
93896 159
94008 159
94128 163
94240 167
94352 167
94464 176
94576 176
94688 184
94800 184
94912 188
95024 192
95144 192
95256 193
95368 195
95480 199
95592 199
95704 206
95816 207
95928 207
96040 216
96160 216
96272 216
96384 220
96496 224
96608 224
96720 225
96832 227
96948 231
97060 231
97176 231
97288 240
97400 240
97512 240
97628 241
97740 248
97852 248
97964 248
98076 252
98192 254
98308 255
98420 255
98532 255
98644 255
98756 255
98868 255
98980 255
99092 255
99212 255
99324 255
99436 255
99548 271
99660 271
99772 271
99884 280
99996 280
100108 280
100228 280
100340 284
100452 284
100564 284
100676 280
100788 280
100900 271
101012 255
101124 255
101244 255
101356 255
101468 255
101580 255
101692 252
101804 248
101916 248
102028 241
102144 240
102260 238
102372 231
102484 231
102596 227
102708 224
102824 224
102936 224
103048 220
103160 216
103276 216
103388 207
103504 207
103616 207
103728 199
103840 199
103952 199
104064 195
104176 193
104288 192
104404 192
104516 192
104628 192
104740 184
104852 184
104964 184
105076 177
105188 176
105300 176
105420 176
105532 167
105644 167
105756 167
105868 167
105980 163
106092 159
106204 159
106316 159
106436 159
106548 158
106660 156
106772 156
106884 152
106996 152
107108 152
107224 152
107336 143
107452 143
107564 143
107676 143
107788 143
107904 147
108016 152
108128 156
108240 159
108352 159
108468 163
108584 167
108696 167
108808 176
108920 176
109032 179
109144 184
109256 184
109368 192
109488 192
109600 192
109712 195
109824 199
109936 199
110048 206
110160 207
110272 207
110384 209
110504 216
110616 216
110728 220
110840 224
110952 224
111064 224
111176 225
111288 227
111400 231
111520 231
111632 238
111744 240
111856 240
111968 241
112080 248
112192 248
112304 248
112420 252
112536 254
112648 255
112760 255
112872 255
112984 255
113100 255
113212 255
113324 255
113436 255
113552 255
113664 255
113780 255
113892 271
114004 271
114116 271
114228 280
114340 280
114452 280
114572 280
114684 284
114796 284
114908 284
115020 280
115132 280
115244 271
115356 255
115468 255
115588 255
115704 255
115816 255
115928 255
116040 252
116152 248
116264 248
116376 241
116488 240
116600 240
116720 231
116832 231
116944 227
117056 225
117168 224
117280 224
117392 220
117504 216
117616 216
117736 209
117848 207
117960 207
118072 206
118184 199
118296 199
118408 199
118520 195
118636 192
118752 192
118864 192
118976 192
119088 184
119200 184
119316 184
119428 177
119540 176
119652 176
119768 176
119880 174
119996 167
120108 167
120220 167
120332 163
120444 159
120556 159
120668 159
120780 159
120896 158
121008 156
121120 156
121232 152
121344 152
121456 152
121568 152
121680 145
121792 143
121912 143
122024 143
122136 143
122248 145
122360 152
122472 156
122584 158
122696 159
122808 159
122928 167
123040 167
123152 176
123264 176
123376 177
123488 184
123600 184
123716 192
123828 192
123944 192
124056 193
124168 195
124280 199
124396 199
124508 206
124620 207
124732 207
124844 216
124960 216
125076 220
125188 224
125300 224
125412 224
125524 227
125636 227
125748 231
125860 231
125980 238
126092 240
126204 240
126316 241
126428 248
126540 248
126652 248
126764 252
126876 252
126996 254
127108 255
127220 255
127332 255
127444 255
127556 255
127668 255
127780 255
127892 255
128012 255
128124 255
128236 271
128348 271
128460 271
128572 280
128684 280
128796 280
128912 280
129028 280
129140 284
129252 284
129364 280
129476 280
129592 271
129704 255
129816 255
129928 255
130044 255
130156 255
130272 255
130384 252
130496 248
130608 248
130720 241
130832 240
130944 240
131064 231
131176 231
131288 227
131400 225
131512 224
131624 224
131736 220
131848 216
131960 216
132080 216
132192 207
132304 207
132416 206
132528 199
132640 199
132752 199
132864 195
132976 193
133096 192
133208 192
133320 192
133432 188
133544 184
133656 184
133768 184
133880 177
133992 176
134112 176
134224 174
134336 167
134448 167
134560 167
134672 163
134788 159
134900 159
135012 159
135128 159
135240 158
135352 156
135468 156
135580 152
135692 152
135804 152
135916 152
136028 145
136140 143
136256 143
136368 143
136480 143
136592 143
136704 152
136816 152
136928 158
137040 159
137152 159
137272 167
137384 167
137496 176
137608 176
137720 177
137832 184
137948 184
138060 192
138172 192
138288 192
138400 193
138512 199
138628 199
138740 199
138852 207
138964 207
139076 207
139188 216
139304 216
139420 216
139532 224
139644 224
139756 224
139868 225
139980 227
140092 231
140204 231
140324 231
140436 240
140548 240
140660 240
140772 243
140884 248
140996 248
141108 252
141220 252
141340 254
141452 255
141564 255
141676 255
141788 255
141900 255
142012 255
142124 255
142236 255
142356 255
142468 255
142580 271
142692 271
142804 271
142916 275
143028 280
143144 280
143256 280
143372 284
143484 284
143596 286
143708 284
143824 280
143936 271
144048 271
144160 255
144272 255
144388 255
144504 255
144616 255
144732 254
144844 252
144956 248
145068 248
145180 240
145296 240
145412 231
145524 231
145636 227
145748 227
145860 224
145972 224
146084 224
146196 216
146316 216
146428 216
146540 207
146652 207
146764 206
146876 199
146988 199
147100 199
147212 195
147324 193
147444 192
147556 192
147668 192
147780 188
147892 184
148004 184
148116 179
148228 177
148340 176
148460 176
148572 174
148684 167
148796 167
148908 167
149020 163
149132 163
149248 159
149360 159
149476 159
149588 159
149700 158
149812 156
149928 156
150040 152
150152 152
150264 152
150376 147
150492 143
150608 143
150720 143
150832 143
150944 143
151056 152
151168 152
151280 158
151392 159
151512 159
151624 163
151736 167
151848 174
151960 176
152072 177
152184 184
152296 184
152408 192
152528 192
152640 192
152752 193
152864 195
152976 199
153088 199
153200 207
153312 207
153424 207
153544 216
153656 216
153768 220
153880 224
153992 224
154104 224
154216 225
154328 227
154444 231
154560 231
154672 231
154784 240
154896 240
155008 240
155124 248
155236 248
155348 248
155460 252
155576 252
155688 254
155804 255
155916 255
156028 255
156140 255
156252 255
156364 255
156476 255
156596 255
156708 255
156820 255
156932 255
157044 271
157156 271
157268 275
157380 280
157492 280
157612 280
157724 280
157836 284
157948 284
158060 284
158172 280
158284 275
158396 271
158508 255
158628 255
158740 255
158852 255
158964 255
159076 255
159188 252
159300 248
159412 248
159524 240
159644 240
159756 231
159868 231
159980 231
160092 227
160204 224
160320 224
160432 224
160544 220
160660 216
160772 216
160884 207
161000 207
161112 207
161224 199
161336 199
161448 199
161560 195
161676 193
161792 192
161904 192
162016 192
162128 192
162240 184
162352 184
162464 184
162576 177
162688 176
162808 176
162920 176
163032 167
163144 167
163256 167
163368 167
163480 163
163592 159
163704 159
163824 159
163936 159
164048 158
164160 156
164272 156
164384 152
164496 152
164608 152
164720 147
164840 143
164952 143
165064 143
165176 143
165288 143
165400 152
165512 152
165628 156
165740 159
165856 159
165968 163
166080 167
166192 167
166308 176
166420 177
166532 184
166644 184
166756 192
166872 192
166988 192
167100 193
167212 195
167324 199
167436 199
167548 206
167660 207
167772 207
167892 216
168004 216
168116 216
168228 220
168340 224
168452 224
168564 225
168676 227
168788 231
168908 231
169020 231
169132 240
169244 240
169356 240
169468 241
169580 248
169692 248
169804 248
169924 252
170036 254
170148 255
170260 255
170372 255
170484 255
170596 255
170708 255
170824 255
170940 255
171052 255
171164 255
171276 255
171388 271
171504 271
171616 271
171728 280
171840 280
171956 280
172068 280
172184 284
172296 284
172408 284
172520 280
172632 280
172744 271
172856 255
172976 255
173088 255
173200 255
173312 255
173424 255
173536 252
173648 248
173760 248
173876 241
173992 240
174104 240
174216 231
174328 231
174440 227
174552 224
174664 224
174776 224
174896 220
175008 216
175120 216
175232 207
175344 207
175456 207
175568 199
175680 199
175792 199
175912 195
176024 193
176136 192
176248 192
176360 192
176472 192
176584 184
176696 184
176808 184
176928 177
177040 176
177152 176
177264 176
177376 167
177488 167
177600 167
177716 167
177828 163
177944 159
178056 159
178168 159
178280 159
178396 158
178508 156
178620 152
178732 152
178844 152
178960 152
179076 147
179188 143
179300 143
179412 143
179524 143
179636 143
179748 152
179860 152
179980 156
180092 159
180204 159
180316 163
180428 167
180540 167
180652 176
180764 176
180876 184
180996 184
181108 192
181220 192
181332 192
181444 193
181556 195
181668 199
181780 199
181892 206
182012 207
182124 207
182236 216
182348 216
182460 216
182572 220
182684 224
182796 224
182912 225
183028 227
183140 231
183252 231
183364 231
183476 240
183592 240
183704 240
183816 243
183928 248
184044 248
184156 248
184272 252
184384 254
184496 255
184608 255
184720 255
184832 255
184944 255
185064 255
185176 255
185288 255
185400 255
185512 255
185624 255
185736 271
185848 271
185960 271
186080 280
186192 280
186304 280
186416 284
186528 284
186640 284
186752 284
186864 280
186976 275
187088 271
187208 255
187320 255
187432 255
187544 255
187656 255
187768 254
187880 252
187992 248
188108 248
188224 240
188336 240
188448 236
188560 231
188672 231
188788 227
188900 224
189012 224
189124 224
189240 216
189352 216
189468 211
189580 207
189692 207
189804 199
189916 199
190028 199
190140 195
190260 195
190372 193
190484 192
190596 192
190708 192
190820 188
190932 184
191044 184
191156 184
191276 177
191388 176
191500 176
191612 176
191724 174
191836 167
191948 167
192060 167
192172 163
192292 159
192404 159
192516 159
192628 159
192740 156
192852 156
192964 152
193076 152
193188 152
193308 152
193420 147
193532 143
193644 143
193756 143
193868 143
193980 143
194096 145
194208 152
194324 156
194436 159
194548 159
194660 163
194776 167
194888 167
195000 176
195112 176
195224 177
195340 184
195456 184
195568 192
195680 192
195792 192
195904 195
196016 195
196128 199
196240 199
196360 207
196472 207
196584 211
196696 216
196808 216
196920 220
197032 224
197144 224
197256 225
197376 227
197488 231
197600 231
197712 231
197824 240
197936 240
198048 240
198160 241
198272 248
198392 248
198504 248
198616 252
198728 254
198840 255
198952 255
199064 255
199176 255
199292 255
199408 255
199520 255
199632 255
199744 255
199856 255
199972 255
200084 271
200196 271
200308 271
200424 280
200536 280
200652 280
200764 280
200876 280
200988 284
201100 284
201212 280
201324 271
201444 271
201556 255
201668 255
201780 255
201892 255
202004 255
202116 254
202228 252
202340 248
202452 248
202564 241
202676 240
202788 240
202900 231
203012 231
203124 227
203236 225
203356 224
203468 224
203580 220
203692 216
203804 216
203916 211
204028 207
204140 207
204252 206
204372 199
204484 199
204596 195
204708 195
204820 192
204932 192
205044 192
205156 192
205268 184
205388 184
205500 184
205612 179
205724 176
205836 176
205948 176
206060 174
206172 167
206284 167
206404 167
206516 163
206628 163
206740 159
206852 159
206964 159
207080 158
207192 158
207304 156
207420 152
207532 152
207644 152
207760 152
207872 143
207984 143
208096 143
208208 143
208320 143
208436 143
208552 152
208664 152
208776 158
208888 159
209000 159
209112 167
209224 167
209336 174
209456 176
209568 177
209680 184
209792 184
209904 192
210016 192
210128 192
210240 193
210352 195
210472 199
210584 199
210696 207
210808 207
210920 211
211032 216
211144 216
211256 220
211368 224
211488 224
211600 224
211712 227
211824 227
211936 231
212048 231
212160 236
212276 240
212388 240
212504 241
212616 248
212728 248
212840 248
212956 252
213068 252
213180 255
213292 255
213404 255
213520 255
213636 255
213748 255
213860 255
213972 255
214084 255
214196 255
214308 255
214420 271
214540 271
214652 271
214764 280
214876 280
214988 280
215100 280
215212 284
215324 284
215436 286
215556 280
215668 280
215780 271
215892 255
216004 255
216116 255
216228 255
216340 255
216452 255
216564 252
216684 248
216796 248
216908 241
217020 240
217132 240
217244 231
217356 231
217472 227
217584 225
217700 224
217812 224
217924 220
218036 216
218152 216
218264 211
218376 207
218488 207
218600 206
218716 199
218832 199
218944 195
219056 195
219168 192
219280 192
219392 192
219504 192
219616 188
219736 184
219848 184
219960 179
220072 176
220184 176
220296 176
220408 176
220520 167
220632 167
220752 167
220864 163
220976 159
221088 159
221200 159
221312 159
221424 159
221536 158
221648 156
221768 152
221880 152
221992 152
222104 152
222216 145
222328 143
222440 143
222552 143
222668 143
222784 143
222896 152
223008 156
223120 159
223232 159
223348 159
223460 167
223572 167
223684 176
223800 176
223912 177
224028 184
224140 184
224252 192
224364 192
224476 192
224588 193
224700 195
224820 199
224932 199
225044 207
225156 207
225268 207
225380 216
225492 216
225604 220
225716 224
225836 224
225948 224
226060 225
226172 227
226284 231
226396 231
226508 231
226620 240
226732 240
226852 241
226964 243
227076 248
227188 248
227300 252
227412 252
227524 254
227636 255
227748 255
227868 255
227980 255
228092 255
228204 255
228316 255
228428 255
228544 255
228656 255
228768 271
228884 271
228996 271
229108 275
229224 280
229336 280
229448 280
229560 284
229672 284
229784 286
229900 284
230016 280
230128 271
230240 271
230352 255
230464 255
230576 255
230688 255
230800 255
230920 254
231032 252
231144 248
231256 243
