24 280
136 271
252 255
364 255
480 255
592 255
704 255
816 254
928 252
1040 248
1152 241
1272 240
1384 231
1496 231
1608 227
1720 224
1832 224
1944 220
2056 216
2168 216
2288 207
2400 207
2512 199
2624 199
2736 195
2848 192
2960 192
3072 192
3184 184
3304 184
3416 177
3528 176
3640 176
3752 167
3864 167
3976 163
4088 159
4200 159
4320 156
4432 152
4544 152
4656 145
4768 143
4880 143
4996 135
5108 135
5220 127
5336 127
5448 127
5560 127
5676 124
5788 124
5900 120
6012 120
6124 113
6236 112
6352 112
6468 103
6580 103
6692 103
6804 99
6916 96
7028 96
7140 96
7252 92
7372 88
7484 88
7596 83
7708 79
7820 79
7932 78
8044 71
8156 71
8268 71
8388 63
8500 63
8612 63
8724 63
8836 62
8948 60
9060 56
9172 56
9284 56
9396 49
9516 48
9628 48
9740 46
9852 39
9964 39
10076 48
10188 48
10304 51
10416 56
10532 60
10644 63
10756 63
10868 67
10980 71
11092 78
11204 79
11316 83
11428 88
11548 92
11660 96
11772 96
11884 99
11996 103
12108 103
12224 112
12336 112
12448 115
12564 120
12676 124
12788 127
12904 127
13016 127
13128 127
13240 135
13352 142
13464 143
13580 143
13696 152
13808 152
13920 156
14032 159
14144 159
14256 163
14368 167
14480 167
14600 174
14712 176
14824 177
14936 184
15048 184
15160 188
15272 192
15384 192
15496 192
15616 195
15728 199
15840 199
15952 199
16064 207
16176 207
16288 207
16400 216
16512 216
16632 220
16744 224
16856 224
16968 224
17080 225
17192 227
17304 231
17420 231
17532 240
17648 240
17760 240
17872 241
17984 248
18100 248
18212 252
18324 252
18436 255
18548 255
18664 255
18780 255
18892 255
19004 255
19116 255
19228 255
19340 255
19452 271
19564 271
19684 275
19796 280
19908 280
20020 275
20132 271
20244 255
20356 255
20468 255
20580 255
20700 255
20812 252
20924 248
21036 241
21148 240
21260 240
21372 231
21484 227
21596 225
21716 224
21828 224
21940 216
22052 216
22164 207
22276 207
22388 199
22500 199
22616 195
22732 193
22844 192
22956 192
23068 188
23180 184
23296 179
23408 176
23520 176
23632 167
23748 167
23860 163
23976 159
24088 159
24200 158
24312 156
24424 152
24536 152
24648 143
24768 143
24880 135
24992 135
25104 127
25216 127
25328 127
25440 127
25552 126
25664 124
25776 120
25896 120
26008 113
26120 112
26232 112
26344 103
26456 103
26568 103
26680 99
26792 97
26912 96
27024 96
27136 92
27248 88
27360 88
27472 88
27584 79
27696 79
27812 79
27928 71
28040 71
28152 71
28264 67
28376 63
28492 63
28604 63
28716 62
28828 60
28948 56
29060 56
29172 56
29284 51
29396 48
29516 48
29628 48
29740 39
29852 39
29964 39
30076 48
30188 51
30300 56
30412 60
30532 63
30644 63
30756 63
30868 71
30980 78
31092 79
31204 83
31316 88
31428 92
31548 96
31660 96
31772 99
31884 103
31996 103
32108 112
32220 112
32336 115
32448 120
32564 124
32676 126
32788 127
32900 127
33016 127
33128 135
33240 135
33352 143
33464 143
33580 152
33696 152
33808 156
33920 159
34032 159
34144 159
34256 167
34368 167
34480 167
34600 176
34712 176
34824 179
34936 184
35048 184
35160 192
35272 192
35384 192
35496 193
35616 195
35728 199
35840 199
35952 206
36064 207
36176 207
36288 216
36400 216
36512 220
36632 224
36744 224
36856 224
36968 225
37080 227
37192 231
37304 231
37416 231
37532 240
37648 240
37760 241
37872 248
37984 248
38096 248
38212 252
38324 254
38436 255
38548 255
38660 255
38776 255
38892 255
39004 255
39116 255
39228 255
39340 255
39452 271
39564 271
39676 280
39796 280
39908 280
40020 271
40132 255
40244 255
40356 255
40468 255
40580 255
40692 252
40812 248
40924 248
41036 240
41148 240
41260 231
41372 231
41484 227
41596 224
41708 224
41828 216
41940 216
42052 207
42164 207
42276 206
42388 199
42500 199
42612 195
42728 192
42844 192
42956 192
43068 184
43180 184
43292 177
43408 176
43520 167
43632 167
43744 163
43860 159
43972 159
44088 159
44200 156
44312 152
44424 152
44536 143
44648 143
44760 142
44880 135
44992 127
45104 127
45216 127
45328 127
45440 126
45552 124
45664 120
45776 120
45896 113
46008 112
46120 112
46232 110
46344 103
46456 103
46568 99
46680 97
46792 96
46912 96
47024 92
47136 88
47248 88
47360 88
47472 81
47584 79
47696 79
47808 78
47928 71
48040 71
48152 71
48264 63
48376 63
48488 63
48604 63
48716 60
48828 60
48944 56
49056 56
49168 51
49284 49
49396 48
49508 48
49620 44
49732 39
49844 39
49960 48
50076 49
50188 56
50300 60
50412 62
50524 63
50636 63
50748 71
50860 71
50980 79
51092 79
51204 88
51316 88
51428 92
51540 96
51652 97
51764 99
51876 103
51996 110
52108 112
52220 113
52332 120
52444 120
52556 124
52668 127
52780 127
52892 127
53012 135
53124 135
53236 143
53348 143
53460 147
53572 152
53684 152
53796 156
53912 159
54024 159
54140 163
54252 167
54364 167
54476 174
54592 176
54704 176
54816 184
54928 184
55040 188
55156 192
55268 192
55380 193
55492 195
55604 199
55716 199
55828 206
55940 207
56052 207
56172 216
56284 216
56396 216
56508 220
56620 224
56732 224
56844 225
56956 227
57072 231
57188 231
57300 231
57412 240
57524 240
57636 240
57752 243
57868 248
57980 248
58092 252
58204 254
58316 255
58432 255
58544 255
58656 255
58768 255
58884 255
58996 255
59112 255
59224 255
59336 271
59448 271
59560 280
59672 280
59784 280
59904 271
60016 255
60128 255
60240 255
60352 255
60464 255
60576 252
60688 248
60800 248
60920 240
61032 240
61144 231
61256 231
61368 227
61480 224
61592 224
61704 220
61816 216
61936 211
62048 207
62160 206
62272 199
62384 199
62496 195
62608 192
62720 192
62832 192
62952 184
63064 184
63176 177
63288 176
63400 174
63512 167
63628 167
63740 159
63852 159
63964 159
64080 156
64192 152
64308 152
64420 145
64532 143
64644 143
64756 135
64868 135
64980 127
65100 127
65212 127
65324 127
65436 124
65548 120
65660 120
65772 115
65884 112
65996 112
66116 110
66228 103
66340 103
66452 99
66564 97
66676 96
66788 96
66900 96
67012 92
67132 88
67244 88
67356 81
67468 79
67580 79
67692 78
67804 71
67916 71
68028 71
68148 63
68260 63
68372 63
68484 63
68596 62
68708 60
68824 56
68936 56
69048 51
69164 49
69276 48
69388 48
69504 44
69616 39
69728 39
69840 48
69952 48
70064 56
70180 56
70296 62
70408 63
70520 63
70632 71
70744 71
70856 79
70968 79
71080 88
71200 88
71312 92
71424 96
71536 97
71648 99
71760 103
71872 103
71984 112
72096 113
72216 120
72328 120
72440 124
72552 127
72664 127
72776 127
72888 127
73000 135
73112 143
73232 143
73344 147
73456 152
73568 152
73680 156
73792 159
73904 159
74020 163
74132 167
74248 167
74360 176
74472 176
74584 177
74700 184
74812 184
74924 192
75036 192
75148 192
75264 193
75380 195
75492 199
75604 199
75716 199
75828 207
75940 207
76052 207
76164 216
76284 216
76396 220
76508 220
76620 224
76732 224
76844 225
76956 227
77068 231
77180 231
77300 231
77412 240
77524 240
77636 241
77748 248
77860 248
77972 252
78084 252
78196 255
78316 255
78428 255
78540 255
78652 255
78764 255
78876 255
78988 255
79100 255
79216 271
79328 271
79444 280
79556 280
79668 280
79780 271
79896 255
80008 255
80120 255
80232 255
80344 255
80460 254
80572 252
80684 248
80796 241
80908 240
81020 236
81132 231
81244 227
81356 225
81476 224
81588 220
81700 216
81812 216
81924 207
82036 207
82148 199
82260 199
82376 195
82492 193
82604 192
82716 192
82828 184
82940 184
83056 177
83168 176
83280 176
83392 167
83508 167
83620 163
83736 159
83848 159
83960 158
84072 152
84184 152
84296 145
84408 143
84528 143
84640 135
84752 135
84864 127
84976 127
85088 127
85200 127
85312 124
85424 120
85544 120
85656 120
85768 113
85880 112
85992 112
86104 103
86216 103
86328 103
86440 99
86560 96
86672 96
86788 96
86900 92
87012 88
87128 88
87240 88
87356 79
87468 79
87580 78
87692 71
87808 71
87920 71
88032 63
88144 63
88256 63
88372 63
88488 62
88600 60
88712 56
88824 56
88936 56
89048 49
89160 48
89272 48
89392 46
89504 39
89616 39
89728 39
89840 48
89952 51
90064 56
90176 60
90288 63
90408 63
90520 67
90632 71
90744 78
90856 79
90968 83
91080 88
91192 92
91304 96
91424 96
91536 99
91648 103
91760 103
91872 112
91984 112
92096 120
92208 120
92324 124
92440 127
92552 127
92664 127
92776 127
92888 135
93004 142
93116 143
93228 143
93340 152
93456 152
93568 156
93684 159
93796 159
93908 159
94020 167
94132 167
94244 174
94356 176
94476 176
94588 184
94700 184
94812 184
94924 192
95036 192
95148 192
95260 193
95372 195
95492 199
95604 199
95716 206
95828 207
95940 207
96052 216
96164 216
96276 216
96388 224
96500 224
96620 224
96732 225
96844 227
96956 231
97068 231
97180 240
97292 240
97404 240
97520 241
97636 248
97748 248
97860 252
97972 252
98084 255
98196 255
98308 255
98420 255
98532 255
98652 255
98764 255
98876 255
98988 255
99100 271
99212 271
99324 280
99440 280
99552 280
99668 280
99780 271
99892 255
100004 255
100120 255
100232 255
100344 255
100456 252
100568 248
100684 248
100800 240
100912 240
101024 231
101136 231
101248 225
101360 224
101472 224
101584 216
101704 216
101816 211
101928 207
102040 199
102152 199
102264 199
102376 193
102488 192
102600 192
102720 188
102832 184
102944 184
103056 176
103168 176
103280 167
103392 167
103504 163
103616 159
103736 159
103848 158
103960 156
104072 152
104184 152
104296 143
104408 143
104520 142
104636 135
104752 127
104864 127
104976 127
105088 127
105200 126
105316 124
105428 120
105540 120
105652 113
105768 112
105880 112
105996 110
106108 103
106220 103
106332 99
106444 97
106556 96
106668 96
106788 92
106900 88
107012 88
107124 88
107236 81
107348 79
107460 79
107572 71
107684 71
107804 71
107916 67
108028 63
108140 63
108252 63
108364 63
108476 60
108588 60
108700 56
108820 56
108932 51
109044 49
109156 48
109268 48
109380 39
109492 39
109604 39
109716 48
109836 49
109948 56
110060 60
110172 62
110284 63
110396 63
110508 71
110624 71
110736 79
110852 79
110964 88
111076 92
111188 96
111304 96
111416 97
111528 103
111640 103
111752 110
111868 112
111984 113
112096 120
112208 124
112320 126
112432 127
112544 127
112656 127
112768 135
112880 135
112996 143
113108 143
113220 152
113332 152
113444 156
113556 158
113668 159
113780 159
113892 163
114012 167
114124 167
114236 176
114348 176
114460 179
114572 184
114684 184
114796 192
114912 192
115028 192
115140 193
115252 195
115364 199
115476 199
115588 206
115704 207
115816 207
115928 211
116048 216
116160 216
116272 224
116384 224
116496 224
116608 225
116720 227
116836 231
116948 231
117064 231
117176 240
117288 240
117400 241
117516 248
117628 248
117740 248
117852 252
117964 254
118080 255
118196 255
118308 255
118420 255
118532 255
118644 255
118756 255
118868 255
118980 271
119100 271
119212 275
119324 280
119436 280
119548 280
119660 271
119772 255
119884 255
119996 255
120116 255
120228 255
120340 254
120452 248
120564 248
120676 240
120788 240
120900 231
121012 231
121124 227
121244 224
121356 224
121468 220
121580 216
121692 216
121804 207
121916 206
122028 199
122144 199
122260 195
122372 192
122484 192
122596 192
122708 184
122820 184
122932 177
123044 176
123156 172
123276 167
123388 167
123500 159
123612 159
123724 159
123836 156
123948 152
124064 152
124176 143
124292 143
124404 142
124516 135
124628 127
124744 127
124856 127
124968 127
125080 127
125192 124
125308 120
125424 120
125536 115
125648 112
125760 112
125872 110
125984 103
126096 103
126208 99
126328 97
126440 96
126552 96
126664 96
126776 92
126888 88
127000 88
127112 81
127224 79
127344 79
127456 78
127568 71
127680 71
127792 71
127904 63
128016 63
128128 63
128240 63
128360 60
128472 60
128584 56
128696 56
128808 51
128920 49
129032 48
129144 48
129260 46
129376 39
129488 39
129600 48
129712 49
129824 56
129940 56
130052 62
130164 63
130276 63
130392 71
130504 71
130620 79
130732 79
130844 88
130956 88
131068 92
131180 96
131292 97
131412 99
131524 103
131636 103
131748 112
131860 113
131972 120
132084 120
132196 124
132308 127
132428 127
132540 127
132652 127
132764 135
132876 143
132988 143
133100 147
133212 152
133324 156
133444 158
133556 159
133668 159
133780 163
133892 167
134004 167
134116 176
134228 176
134340 177
134460 184
134572 184
134684 192
134796 192
134908 192
135020 193
135136 195
135248 199
135360 199
135476 206
135588 207
135700 207
135816 211
135928 216
136040 216
136152 220
136264 224
136376 224
136492 225
136608 227
136720 231
136832 231
136944 231
137056 240
137168 240
137280 240
137392 248
137504 248
137620 248
137732 252
137844 254
137956 255
138068 255
138180 255
138292 255
138404 255
138516 255
138636 255
138748 255
138860 255
138972 271
139084 271
139196 280
139308 280
139420 280
139536 271
139652 255
139764 255
139876 255
139988 255
140100 255
140216 254
140328 252
140440 248
140552 241
140668 240
140780 231
140896 231
141008 227
141120 224
141232 224
141344 220
141456 216
141568 216
141688 207
141800 207
141912 199
142024 199
142136 195
142248 192
142360 192
142472 192
142584 184
142704 184
142816 176
142928 176
143040 174
143152 167
143264 167
143376 159
143488 159
143600 159
143720 158
143832 152
143944 152
144056 147
144168 143
144280 143
144392 135
144504 135
144616 127
144728 127
144840 127
144952 127
145064 124
145176 120
145288 120
145408 120
145520 112
145632 112
145744 110
145856 103
145968 103
146080 99
146192 97
146304 96
146416 96
146536 96
146648 92
146760 88
146872 88
146984 83
147096 79
147208 79
147320 78
147436 71
147552 71
147664 71
147776 63
147888 63
148000 63
148112 63
148224 62
148336 60
148448 56
148568 56
148680 56
148792 49
148904 48
149016 48
149128 46
149240 39
149356 39
149468 48
149584 48
149696 56
149808 56
149920 62
150036 63
150148 63
150260 71
150372 71
150484 79
150600 79
150716 88
150828 88
150940 92
151052 96
151164 96
151276 99
151388 103
151500 103
151620 112
151732 113
151844 120
151956 120
152068 124
152180 127
152292 127
152404 127
152516 127
152636 135
152748 143
152860 143
152972 147
153084 152
153196 152
153308 156
153420 159
153532 159
153652 163
153764 167
153876 167
153988 176
154100 176
154212 177
154324 184
154436 184
154552 192
154668 192
154780 192
154892 193
155004 195
155116 199
155232 199
155344 199
155456 207
155568 207
155684 207
155796 216
155912 216
156024 216
156136 220
156248 224
156360 224
156472 225
156584 227
156704 231
156816 231
156928 238
157040 240
157152 240
157264 241
157376 248
157488 248
157600 252
157720 252
157832 255
157944 255
158056 255
158168 255
158280 255
158392 255
158504 255
158616 255
158736 255
158848 271
158960 271
159072 280
159184 280
159296 280
159408 271
159520 271
159632 255
159752 255
159864 255
159976 255
160088 255
160200 252
160312 248
160428 243
160540 240
160652 238
160768 231
160880 227
160992 225
161108 224
161220 224
161332 216
161444 216
161556 207
161668 207
161784 199
161900 199
162012 195
162124 193
162236 192
162348 192
162460 184
162572 184
162684 179
162796 176
162912 176
163024 167
163136 167
163248 163
163360 159
163472 159
163584 158
163696 156
163808 152
163928 147
164040 143
164152 143
164264 135
164376 135
164488 127
164600 127
164712 127
164828 127
164944 126
165056 124
165168 120
165280 120
165392 113
165504 112
165620 112
165732 103
165844 103
165960 99
166072 99
166184 97
166300 96
166412 96
166524 92
166636 88
166748 88
166860 88
166976 79
167092 79
167204 79
167316 71
167428 71
167540 71
167652 63
167764 63
167876 63
167996 63
168108 62
168220 60
168332 56
168444 56
168556 56
168668 49
168780 48
168892 48
169012 46
169124 39
169236 39
169348 46
169460 48
169572 51
169684 56
169796 60
169908 63
170028 63
170140 67
170252 71
170364 78
170476 79
170588 83
170700 88
170816 92
170928 96
171044 96
171156 99
171268 103
171380 103
171496 112
171608 112
171720 115
171832 120
171944 124
172060 126
172176 127
172288 127
172400 127
172512 135
172624 135
172736 143
172848 143
172960 152
173080 152
173192 156
173304 159
173416 159
173532 159
173644 167
173760 167
173872 167
173984 176
174096 176
174208 184
174324 184
174440 188
174552 192
174664 192
174776 192
174888 195
175000 199
175112 199
175224 199
175344 207
175456 207
175568 207
175680 216
175792 216
175904 220
176016 224
176128 224
176240 224
176360 227
176472 227
176584 231
176696 231
176808 238
176920 240
177032 240
177144 241
177256 248
177376 248
177488 252
177600 252
177712 254
177824 255
177936 255
178048 255
178160 255
178276 255
178388 255
178504 255
178616 255
178728 271
178840 271
178956 271
179068 280
179180 280
179292 280
179404 271
179520 255
179632 255
179744 255
179856 255
179968 255
180080 252
180192 248
180304 243
180416 240
180536 240
180648 231
180760 231
180872 225
180984 224
181096 224
181208 216
181320 216
181436 207
181552 207
181664 199
181776 199
181888 195
182000 195
182116 192
182228 192
182340 192
182452 184
182568 184
182680 176
182796 176
182908 167
183020 167
183132 163
183244 159
183356 159
183468 158
183588 156
183700 152
183812 152
183924 143
184036 143
184148 142
184260 135
184372 127
184484 127
184604 127
184716 127
184828 126
184940 124
185052 120
185164 120
185276 113
185388 112
185500 112
185620 103
185732 103
185844 103
185956 99
186068 97
186180 96
186292 96
186404 94
186516 88
186636 88
186748 88
186860 81
186972 79
187084 79
187196 71
187308 71
187424 71
187536 71
187652 63
187764 63
187876 63
187988 63
188104 60
188216 60
188328 56
188440 56
188552 51
188668 49
188784 48
188896 48
189008 39
189120 39
189232 39
189344 48
189456 49
189568 56
189688 60
189800 63
189912 63
190024 63
190136 71
190248 71
190360 79
190472 79
190584 88
190704 88
190816 96
190928 96
191040 97
191152 99
191264 103
191376 110
191488 112
191600 113
191720 120
191832 120
191944 126
192056 127
192168 127
192280 127
192392 135
192504 135
192620 143
192736 143
192848 152
192960 152
193072 156
193184 158
193300 159
193412 159
193524 163
193636 167
193752 167
193864 176
193980 176
194092 177
194204 184
194316 184
194428 192
194540 192
194652 192
194764 193
194880 195
194992 199
195104 199
195216 206
195328 207
195440 207
195552 216
195664 216
195776 216
195896 220
196008 224
196120 224
196232 225
196344 227
196456 231
196568 231
196680 231
196792 240
196912 240
197024 241
197136 248
197248 248
197360 248
197472 252
197584 254
197700 255
197812 255
197928 255
198040 255
198152 255
198264 255
198380 255
198492 255
198604 255
198716 271
198828 271
198944 280
199060 280
199172 280
199284 271
199396 255
199508 255
199620 255
199732 255
199844 255
199964 254
200076 248
200188 248
200300 240
200412 240
200524 231
200636 231
200748 227
200860 224
200980 224
201092 220
201204 216
201316 216
201428 207
201540 206
201652 199
201764 199
201876 195
201996 192
202108 192
202220 192
202332 184
202444 184
202556 179
202668 176
202780 176
202892 167
203004 167
203116 163
203228 159
203340 159
203460 156
203572 156
203684 152
203796 152
203908 143
204020 143
204132 135
204244 135
204356 127
204476 127
204588 127
204700 127
204812 126
204924 124
205036 120
205148 120
205260 113
205376 112
205492 112
205604 103
205716 103
205828 103
205940 99
206056 97
206168 96
206280 96
206392 92
206508 88
206620 88
206736 83
206848 79
206960 79
207072 78
207184 71
207296 71
207408 71
207528 63
207640 63
207752 63
207864 63
207976 62
208088 60
208200 56
208312 56
208424 56
208544 49
208656 48
208768 48
208880 46
208992 39
209104 39
209216 46
209328 48
209440 56
209560 56
209672 60
209784 63
209896 63
210008 71
210120 71
210232 78
210344 79
210456 83
210576 88
210688 92
210800 96
210912 96
211024 99
211136 103
211248 103
211364 112
211476 112
211592 120
211704 120
211816 124
211928 127
212044 127
212156 127
212268 127
212380 135
212492 142
212608 143
212724 143
212836 152
212948 152
213060 156
213172 159
213284 159
213396 163
213508 167
213628 167
213740 174
213852 176
213964 176
214076 184
214188 184
214300 188
214412 192
214524 192
214644 192
214756 195
214868 199
214980 199
215092 199
215204 206
215316 207
215428 207
215540 216
215660 216
215772 220
215884 224
215996 224
216108 224
216220 225
216332 227
216444 231
216560 231
216676 238
216788 240
216900 240
217012 241
217124 248
217240 248
217352 252
217464 252
217576 255
217692 255
217804 255
217920 255
218032 255
218144 255
218256 255
218368 255
218480 255
218592 271
218704 271
218824 275
218936 280
219048 280
219160 280
219272 271
219384 255
219496 255
219608 255
219720 255
219840 255
219952 252
220064 248
220176 248
220288 240
220400 240
220512 231
220624 227
220736 225
220856 224
220968 224
221080 216
221192 216
221304 207
221416 207
221528 206
221640 199
221756 195
221872 193
221984 192
222096 192
222208 188
222320 184
222436 179
222548 176
222660 176
222772 167
222888 167
223000 163
223116 159
223228 159
223340 158
223452 156
223564 152
223676 152
223788 143
223908 143
224020 135
224132 135
224244 127
224356 127
224468 127
224580 127
224692 126
224804 124
224924 120
225036 120
225148 113
225260 112
225372 112
225484 103
225596 103
225708 103
225820 99
225940 97
226052 96
226164 96
226276 92
226388 88
226500 88
226612 88
226724 79
226836 79
226956 79
227068 71
227180 71
227292 71
227404 67
227516 63
227632 63
227744 63
227856 62
227972 60
228084 56
228196 56
228312 56
228424 51
228536 48
228648 48
228760 48
228872 39
228988 39
229104 39
229216 48
229328 49
229440 56
229552 60
229664 63
229776 63
229888 63
230008 71
230120 78
230232 79
230344 81
230456 88
230568 92
230680 96
230792 96
230904 97
231024 103
231136 103
231248 112
231356 112
231476 115
231588 120
231700 124
231812 126
231924 127
232036 127
232148 127
232260 135
232372 135
232492 143
232604 143
232716 152
232828 152
232940 156
233052 158
233164 159
233276 159
233392 163
233508 167
233620 167
233732 176
233844 176
233956 177
234072 184
234184 184
234296 192
234408 192
234524 192
234636 193
234752 195
234864 199
234976 199
235088 206
235200 207
235312 207
235424 216
235544 216
235656 216
235768 220
235880 224
235992 224
236104 224
236216 227
236328 227
236440 231
236560 231
236672 240
236784 240
236896 240
237008 243
237120 248
237232 248
237344 252
237456 254
237576 255
237688 255
237800 255
237912 255
238024 255
238136 255
238248 255
238360 255
238472 255
238592 271
238704 271
238816 280
238928 280
239040 280
239152 271
239264 255
239380 255
239492 255
239608 255
239720 255
239832 252
239944 248
240060 248
240172 240
240284 240
240396 231
240508 231
240624 227
240740 224
240852 224
240964 220
241076 216
241188 211
241300 207
241412 206
241524 199
241644 199
241756 195
241868 192
241980 192
242092 192
242204 184
242316 184
242428 177
242540 176
242660 167
242772 167
242884 167
242996 159
243108 159
243220 159
243332 156
243444 152
243556 152
243676 143
243788 143
243900 142
244012 135
244124 127
244236 127
244348 127
244460 127
244576 126
244688 124
244804 120
244916 120
245028 113
245140 112
245256 112
245368 103
245480 103
245592 103
245704 99
245820 97
245936 96
246048 96
246160 92
246272 88
246384 88
246496 83
246608 83
246720 79
246840 79
246952 71
247064 71
247176 71
247288 67
247400 63
247512 63
247624 63
247736 63
247856 60
247968 60
248080 56
248192 56
248304 51
248416 49
248528 48
248640 48
248752 46
248872 39
248984 39
249096 48
249208 49
249320 56
249432 56
249544 62
249656 63
249772 63
249888 71
250000 71
250112 79
250224 79
250336 88
250452 88
250564 92
250676 96
250788 97
250904 99
251016 103
251132 103
251244 112
251356 113
251468 120
251580 120
251692 124
251804 127
251924 127
252036 127
252148 127
252260 135
252372 143
252484 143
252596 143
252708 152
252820 152
252940 156
253052 159
253164 159
253276 163
253388 167
253500 167
253612 174
253724 176
253836 176
253956 184
254068 184
254180 188
254292 192
254404 192
254516 192
254628 195
254740 199
254852 199
254972 206
255084 207
255196 207
255308 216
255420 216
255532 216
255648 220
255760 224
255872 224
255988 225
256100 227
256212 231
256328 231
256440 231
256552 240
256664 240
256776 241
256888 248
257004 248
257120 248
257232 252
257344 254
257456 255
257568 255
257680 255
257792 255
257904 255
258024 255
258136 255
258248 255
258360 255
258472 271
258584 271
258696 280
258808 280
258920 280
259040 271
259152 255
259264 255
259376 255
259488 255
259600 255
259712 254
259824 252
259936 248
260048 241
260168 240
260276 231
260388 231
260500 227
260612 224
260728 224
260840 220
260952 216
261064 207
261180 207
261292 207
261404 199
261516 199
261632 195
261744 192
261856 192
261968 192
262080 184
262196 184
262308 177
262424 176
262536 167
262648 167
262760 167
262872 159
262984 159
263096 158
263216 156
263328 152
263440 152
263552 143
263664 143
263776 142
263888 135
264000 127
264112 127
264232 127
264344 127
264456 127
264568 124
264680 120
264792 120
264904 115
265016 112
265128 112
265248 103
265360 103
265472 103
265584 99
265696 97
265808 96
265920 96
266032 94
266144 92
266264 88
266376 88
266488 81
266600 79
266712 79
266824 78
266940 71
267052 71
267164 71
267280 63
267392 63
267504 63
267620 62
267732 60
267844 56
267956 56
268068 56
268180 51
268296 49
268412 48
268524 48
268636 44
268748 39
268860 39
268972 48
269084 49
269196 56
269316 60
269428 62
269540 63
269652 63
269764 71
269876 71
269988 79
270100 79
270212 88
270332 88
270444 96
270556 96
270668 97
270780 99
270892 103
271004 110
271116 112
271228 113
271348 120
271460 120
271572 126
271684 127
271796 127
271908 127
272020 135
272136 135
272248 143
272364 143
272476 152
272588 152
272700 156
272816 158
272928 159
273040 159
273152 163
273264 167
273380 167
273496 176
273608 176
273720 177
273832 184
273944 184
274056 192
274168 192
274280 192
274400 193
274512 195
274624 199
274736 199
274848 199
274960 207
275072 207
275184 211
275296 216
275416 216
275528 220
275640 224
275752 224
275864 225
275976 227
276088 231
276200 231
276312 231
276424 240
276544 240
276656 241
276768 248
276880 248
276992 248
277104 252
277216 254
277332 255
277444 255
277560 255
277672 255
277784 255
277896 255
278008 255
278120 255
278232 255
278344 271
278456 271
278576 280
278688 280
278800 280
278912 271
279024 255
279136 255
279252 255
279364 255
279476 255
279592 254
279704 248
279816 248
279932 241
280044 240
280156 231
280268 231
280380 227
280492 224
280608 224
280724 220
280836 216
280948 216
281060 207
281172 206
281284 199
281396 199
281508 195
281628 192
281740 192
281852 188
281964 184
282076 177
282188 176
282300 176
282412 167
282524 167
282644 163
282756 159
282868 159
282980 159
283092 156
283204 152
283316 152
283428 143
283540 143
283660 143
283772 135
283884 135
283996 127
284108 127
284220 127
284332 127
284448 124
284560 120
284676 120
284788 115
284900 113
285012 112
285128 110
285240 103
285352 103
285464 103
285576 99
285692 96
285808 96
285920 96
286032 92
286144 88
286256 88
286368 83
286480 79
286592 79
286712 78
286824 71
286936 71
287048 71
287160 63
287272 63
287384 63
287496 63
287608 62
287728 60
287840 56
287952 56
288064 56
288176 49
288288 48
288400 48
288512 46
288624 39
288744 39
288856 48
288968 48
289080 56
289196 56
289312 60
289424 63
289536 63
289648 71
289764 71
289876 78
289988 79
290100 88
290212 88
290328 92
290444 96
290556 96
290668 99
290780 103
290892 103
291004 112
291116 112
291228 120
291348 120
291460 124
291572 127
291684 127
291796 127
291908 127
292020 135
292132 135
292244 143
292364 143
292476 152
292588 152
292700 156
292812 159
292924 159
293036 163
293148 167
293260 167
293372 176
293492 176
293604 177
293716 184
293828 184
293940 192
294052 192
294164 192
294280 193
294392 195
294508 199
294620 199
294732 199
294844 207
294956 207
295068 211
295180 216
295292 216
295404 220
295524 224
295636 224
295748 224
295860 227
295972 227
296084 231
296200 231
296312 240
296424 240
296540 240
296652 243
296764 248
296880 248
296992 252
297104 254
297216 255
297328 255
297440 255
297556 255
297672 255
297784 255
297896 255
298008 255
298120 255
298232 271
298344 271
298456 280
298576 280
298688 280
298800 271
298912 271
299024 255
299136 255
299248 255
299360 255
299472 255
299592 252
299704 248
299816 241
299928 240
300040 238
300152 231
300264 227
300376 225
300488 224
300608 224
300720 216
300832 216
300944 207
301056 207
301168 199
301280 199
301396 195
301508 193
301624 192
301736 192
301848 184
301960 184
302076 177
302188 176
302300 176
302412 167
302524 167
302640 163
302756 159
302868 159
302980 158
303092 156
303204 152
303316 152
303428 143
303540 143
303660 135
303772 135
303884 127
303996 127
304108 127
304220 127
304332 126
304444 124
304556 120
304676 120
304788 113
304900 112
305012 112
305124 103
305236 103
305348 103
305460 99
305572 96
305692 96
305804 96
305916 92
306028 88
306140 88
306252 83
306364 79
306476 79
306592 79
306708 71
306820 71
306932 71
307044 63
307156 63
307272 63
307384 63
307496 63
307608 60
307724 56
307836 56
307952 56
308064 49
308176 48
308288 48
308400 48
308512 39
308624 39
308744 46
308856 48
308968 51
309080 56
309192 60
309304 63
309416 63
309528 67
309640 71
309752 78
309872 79
309984 83
310096 88
310208 92
310320 96
310432 96
310544 99
310656 103
310768 103
310888 112
311000 112
311112 120
311224 120
311336 124
311448 126
311560 127
311672 127
311788 127
311904 135
312016 142
312128 143
312240 143
312352 152
312468 152
312580 156
312692 159
312804 159
312920 159
313032 167
313148 167
313260 172
313372 176
313484 176
313596 179
313708 184
313820 188
313940 192
314052 192
314164 192
314276 195
314388 199
314500 199
314612 199
314724 207
314836 207
314956 207
315068 216
315180 216
315292 220
315404 224
315516 224
315628 224
315740 225
315852 227
315972 231
316084 231
316196 238
316308 240
316420 240
316532 241
316644 248
316756 248
316868 248
316988 252
317100 254
317212 255
317324 255
317436 255
317548 255
317664 255
317776 255
317888 255
318004 255
318116 255
318228 271
318340 271
318452 280
318564 280
318684 280
318796 271
318908 255
319020 255
319132 255
319244 255
319356 255
319468 254
319580 252
319700 248
319812 241
319924 240
320036 231
320148 231
320260 225
320372 224
320488 224
320600 220
320716 216
320828 207
320940 207
321052 206
321168 199
321280 199
321392 195
321504 192
321616 192
321728 192
321848 184
321960 184
322072 177
322184 176
322296 174
322408 167
322520 167
322632 159
322744 159
322864 159
322976 156
323088 152
323200 152
323312 145
323424 143
323536 143
323648 135
323760 135
323880 127
323992 127
324104 127
324216 127
324328 124
324440 120
324552 120
324664 120
324776 113
324896 112
325008 110
325120 103
325232 103
325344 99
325456 99
325568 96
325684 96
325796 96
325912 92
326024 88
326136 88
326248 83
326364 79
326476 79
326588 79
326700 71
326812 71
326928 71
327044 63
327156 63
327268 63
327380 63
327492 62
327604 60
327716 56
327828 56
327948 56
328060 49
328172 48
328284 48
328396 46
328508 39
328620 39
328732 48
328844 48
328964 56
329076 56
329188 62
329300 63
329412 63
329524 71
329636 71
329748 79
329860 79
329980 88
330092 88
330204 92
330316 96
330428 97
330540 99
330652 103
330764 103
330880 112
330996 113
331108 120
331220 120
331332 124
331444 127
331560 127
331672 127
331784 127
331896 135
332012 143
332124 143
332240 147
332352 152
332464 152
332576 158
332688 159
332800 159
332912 163
333032 167
333144 167
333256 176
333368 176
333480 177
333592 184
333704 184
333816 128
333928 192
334048 192
334160 192
334272 195
334384 199
334496 199
334608 199
334720 207
334832 207
334944 207
335064 216
335176 216
335288 220
335400 224
335512 224
335624 224
335736 225
335848 227
335960 231
336080 231
336192 240
336304 240
336416 240
336528 241
336640 248
336756 248
336868 252
336980 252
337096 255
337208 255
337320 255
337436 255
337548 255
337660 255
337772 255
337884 255
337996 255
338108 271
338224 271
338336 280
338448 280
338560 280
338672 275
338784 271
338896 255
339008 255
339120 255
339240 255
339352 255
339464 252
339576 248
339688 241
339800 240
339916 238
340028 231
340140 227
340256 225
340368 224
340480 224
340596 216
340708 216
340820 207
340932 207
341044 199
341156 199
341272 195
341388 193
341500 192
341612 192
341724 184
341836 184
341948 177
342060 176
342172 176
342292 167
342404 167
342516 163
342628 159
342740 159
342852 158
342964 156
343076 152
343188 147
343308 143
343420 143
343532 135
343644 135
343756 127
343868 127
343980 127
344092 127
344204 126
344324 124
344436 120
344548 120
344660 113
344772 112
344884 112
344996 103
345112 103
345224 103
345340 99
345452 97
345564 96
345676 96
345792 92
345904 88
346016 88
346128 83
346240 79
346356 79
346472 79
346584 71
346696 71
346808 71
346920 63
347040 63
347152 63
347264 63
347376 62
347488 60
347608 56
347720 56
347832 56
347944 49
348056 48
348168 48
348280 48
348392 39
348504 39
348624 46
348736 48
348848 51
348960 56
349072 60
349184 63
349296 63
349408 71
349520 71
349640 78
349752 79
349864 83
349976 88
350088 92
350200 96
350312 96
350424 99
350540 103
350652 103
350768 112
350880 112
350992 120
351104 120
351220 124
351332 127
351444 127
351556 127
351668 127
351784 135
351900 142
352012 143
352124 143
352236 152
352348 152
352460 156
352572 159
352684 159
352804 163
352916 167
353028 167
353140 176
353252 176
353364 177
353476 184
353588 184
353700 188
353820 192
353932 192
354044 193
354156 195
354268 199
354380 199
354492 199
354604 207
354716 207
354836 207
354948 216
355060 216
355172 220
355284 224
355396 224
355508 224
355620 227
355736 227
355852 231
355964 231
356076 240
356188 240
356300 240
356416 241
356528 248
356640 248
356752 252
356868 252
356980 255
357096 255
357208 255
357320 255
357432 255
357544 255
357656 255
357768 255
357888 255
358000 271
358112 271
358224 275
358336 280
358448 280
358560 275
358672 271
358784 255
358904 255
359016 255
359128 255
359240 255
359352 252
359464 248
359576 248
359688 240
359800 240
359920 231
360032 231
360144 225
360256 224
360368 224
360480 216
360592 216
360704 207
360816 207
360936 199
361048 199
361160 195
361272 193
361384 192
361496 192
361612 188
361724 184
361836 179
361952 176
362064 176
362176 167
362292 167
362404 163
362516 159
362628 159
362740 158
362852 156
362968 152
363084 152
363196 143
363308 143
363420 142
363532 135
363644 127
363756 127
363868 127
363988 127
364100 126
364212 124
364324 120
364436 120
364548 113
364660 112
364772 112
364884 103
365004 103
365116 103
365228 99
365340 97
365452 96
365564 96
365676 92
365788 88
365900 88
366012 88
366132 79
366244 79
366356 79
366468 71
366580 71
366692 71
366804 67
366920 63
367032 63
367148 63
367260 62
367372 60
367484 56
367596 56
367708 56
367820 49
367932 48
368044 48
368164 48
368276 39
368388 39
368500 39
368612 48
368724 49
368840 56
368952 60
369064 63
369180 63
369292 63
369404 71
369520 71
369632 79
369744 81
369856 88
369968 92
370080 96
370196 96
370312 99
370424 103
370536 103
370648 112
370760 112
370872 115
370984 120
371096 124
371216 126
371328 127
371440 127
371552 127
371664 135
371776 135
371888 143
372000 143
372112 152
372232 152
372344 156
372456 159
372568 159
372680 159
372792 163
372904 167
373016 167
373128 176
373248 176
373360 179
373472 184
373584 188
373696 192
373808 192
373920 192
374036 193
374148 195
374264 199
374376 199
374488 206
374600 207
374716 207
374828 216
374940 216
375052 216
375164 220
375280 224
375396 224
375508 225
375620 227
375732 231
375844 231
375960 240
376080 240
376192 240
376304 248
376416 248
376528 248
376640 252
376752 254
376868 255
376980 255
377096 255
377208 255
377320 255
377432 255
377548 255
377660 255
377772 255
377884 271
377996 271
378112 280
378228 280
378340 280
378452 271
378564 255
378676 255
378788 255
378900 255
379012 255
379124 254
379240 248
379352 248
379464 240
379576 240
379688 231
379800 231
379912 225
380024 224
380136 224
380256 216
380368 216
380480 209
380592 207
380704 206
380816 199
380928 199
381040 195
381156 192
381272 192
381384 192
381496 184
381608 184
381720 177
381832 176
381948 176
382060 167
382172 167
382288 163
382400 159
382512 159
382628 156
382740 152
382852 152
382964 147
383076 143
383188 143
383304 135
383420 135
383532 127
383644 127
383756 127
383868 127
383980 124
384092 124
384204 120
384324 120
384436 112
384548 112
384660 110
384772 103
384884 103
384996 103
385108 99
385220 96
385340 96
385452 96
385564 92
385676 88
385788 88
385900 83
386012 79
386124 79
386236 79
386356 71
386468 71
386580 71
386692 63
386804 63
386916 63
387028 63
387144 62
387256 60
387372 56
387484 56
387596 56
387708 49
387824 48
387936 48
388048 48
388160 39
388272 39
388388 48
388504 48
388616 56
388728 56
388840 60
388952 63
389064 63
389176 71
389288 71
389408 78
389520 79
389632 83
389744 88
389856 92
389968 96
390080 96
390192 99
390304 103
390424 103
390536 112
390648 113
390760 120
390872 120
390984 124
391096 127
391208 127
391320 127
391440 127
391552 135
391664 143
391776 143
391888 143
392000 152
392112 152
392224 156
392340 159
392456 159
392568 159
392680 167
392792 167
392904 174
393020 176
393132 176
393244 184
393356 184
393472 192
393584 192
393700 192
393812 192
393924 195
394036 199
394148 199
394260 199
394372 207
394484 207
394600 207
394712 216
394824 216
394936 220
395048 224
395160 224
395272 224
395384 225
395496 227
395616 231
395728 231
395840 238
395952 240
396064 240
396176 241
396288 248
396400 248
396512 252
396632 252
396744 255
396856 255
396968 255
397080 255
397192 255
397304 255
397420 255
397532 255
397648 255
397760 271
397872 271
397984 275
398100 280
398212 280
398324 280
398436 271
398548 255
398664 255
398780 255
398892 255
399004 255
399116 252
399228 248
399340 248
399452 240
399564 240
399684 231
399796 231
399908 225
400020 224
400132 224
400244 220
400356 216
400468 207
400580 207
400700 199
400812 199
400924 195
401036 193
401148 192
401260 192
401372 192
401484 184
401596 179
401716 176
401828 176
401940 167
402052 167
402164 163
402276 159
402388 159
402500 158
402616 156
402732 152
402844 152
402956 143
403068 143
403180 142
403292 135
403408 127
403520 127
403632 127
403748 127
403860 126
403972 124
404088 120
404200 120
404312 113
404424 112
404536 112
404648 103
404764 103
404880 103
404992 99
405104 97
405216 96
405328 96
405440 92
405556 88
405672 88
405784 88
405896 81
406008 79
406120 79
406232 78
406344 71
406460 71
406572 67
406688 63
406800 63
406912 63
407024 63
407136 60
407252 60
407364 56
407476 56
407588 56
407704 49
407816 48
407932 48
408044 46
408156 39
408268 39
408380 48
408492 49
408604 56
408716 56
408832 62
408944 63
409056 63
409168 71
409280 71
409392 79
409504 79
409616 88
409728 88
409848 92
409960 96
410072 97
410184 99
410296 103
410408 110
410520 112
410632 113
410744 120
410864 120
410976 124
411088 127
411200 127
411312 127
411424 127
411536 135
411652 143
411764 143
411880 152
411992 152
412104 156
412216 158
412332 159
412444 159
412556 163
412668 167
412780 167
412896 176
413012 176
413124 177
413236 184
413348 184
413460 192
413572 192
413684 192
413796 193
413916 195
414028 199
414140 199
414252 199
414364 207
414476 207
414588 211
414700 216
414812 216
414932 220
415044 224
415156 224
415268 224
415380 227
415492 231
415604 231
415716 231
415828 240
415948 240
416060 240
416172 243
416284 248
416396 248
416508 252
416620 254
416732 255
416848 255
416964 255
417076 255
417188 255
417300 255
417412 255
417528 255
417640 255
417752 271
417864 271
417980 280
418092 280
418208 280
418320 271
418432 255
418544 255
418656 255
418768 255
418880 255
419000 254
419112 252
419224 248
419336 241
419448 240
419560 231
419672 231
419784 227
419896 224
420016 224
420128 220
420240 216
420352 216
420464 207
420576 207
420688 199
420800 199
420912 195
421032 192
421144 192
421256 192
421368 184
421480 184
421592 177
421704 176
421816 176
421928 167
422048 167
422160 159
422272 159
422384 159
422496 156
422608 152
422724 152
422836 147
422948 143
423064 143
423176 135
423288 135
423404 127
423516 127
423628 127
423740 127
423852 124
423964 124
424076 120
424192 120
424304 113
424416 112
424528 112
424640 103
424752 103
424864 103
424976 99
425088 97
425208 96
425320 96
425432 92
425544 88
425656 88
425768 83
425884 79
425996 79
426108 78
426224 71
426336 71
426448 71
426564 63
426676 63
426788 63
426900 63
427012 62
427124 60
427240 56
427356 56
427468 56
427580 49
427692 48
427804 48
427916 46
428028 39
428140 39
428260 48
428372 48
428484 56
428596 56
428708 60
428820 63
428932 63
429044 71
429156 71
429276 78
429388 79
429500 88
429612 88
429724 92
429836 96
429948 96
430060 99
430172 103
430292 103
430404 112
430516 112
430628 120
430740 120
430852 124
430964 127
431080 127
431192 127
431308 127
431420 135
431532 142
431644 143
431760 145
431872 152
431984 152
432096 158
432208 159
432324 159
432440 163
432552 167
432664 167
432776 176
432888 176
433000 177
433112 184
433224 184
433344 192
433456 192
433568 192
433680 193
433804 195
433916 199
434028 199
434140 199
434252 207
434364 207
434476 207
434588 216
434700 216
434812 220
434932 224
435044 224
435156 224
435268 227
435380 231
435492 231
435604 231
435716 240
435828 240
435948 240
436060 248
436172 248
436284 248
436396 252
436508 252
436620 255
436736 255
436848 255
436964 255
437076 255
437188 255
437300 255
437416 255
437528 255
437640 271
437752 271
437864 283
437980 280
438096 280
438208 271
438320 255
438432 255
438544 255
438656 255
438768 255
438880 254
439000 252
439112 248
439224 241
439336 240
439448 231
439560 231
439672 227
439784 224
439896 224
440016 220
440128 216
440240 211
440352 207
440464 206
440576 199
440688 199
440800 195
440912 192
441032 192
441144 192
441256 184
441368 184
441480 177
441592 176
441704 174
441816 167
441932 167
442048 159
442160 159
442272 159
442384 156
442496 152
442612 152
442724 143
442836 143
442948 143
443064 135
443176 135
443292 127
443404 127
443516 127
443628 127
443740 124
443852 124
443964 120
444084 120
444196 113
444308 112
444420 112
444532 103
444644 103
444756 99
444868 97
444980 96
445100 96
445212 96
445324 92
445436 88
445548 88
445660 83
445772 79
445884 79
445996 79
446116 71
446228 71
446340 71
446452 63
446564 63
446676 63
446788 63
446900 62
447012 60
447132 56
447244 56
447356 56
447468 49
447580 48
447692 48
447808 48
447920 39
448032 39
448148 46
448260 48
448372 51
448488 56
448600 60
448712 63
448824 63
448936 67
449048 71
449164 78
449280 79
449392 83
449504 88
449616 92
449728 96
449840 96
449952 99
450064 103
450176 103
450296 112
450408 112
450520 120
450632 120
450744 124
450856 127
450968 127
451080 127
451192 127
451312 135
451424 142
451536 143
451648 143
451760 152
451872 152
451984 156
452096 159
452208 159
452328 163
452440 167
452552 167
452664 172
452776 176
452888 176
453004 184
453116 184
453228 184
453344 192
453456 192
453568 192
453684 195
453796 199
453908 199
454020 199
454132 207
454244 207
454360 207
454476 216
454588 216
454700 220
454812 224
454924 224
455036 224
455148 227
455260 227
455380 231
455492 231
455604 240
455716 240
455828 240
455940 241
456052 248
456164 248
456276 252
456396 252
456508 255
456620 255
456732 255
456844 255
456956 255
457068 255
457180 255
457292 255
457412 255
457524 271
457636 271
457748 275
457860 280
457972 280
458084 280
458200 271
458312 255
458428 255
458540 255
458652 255
458764 255
458880 252
458992 248
459104 248
459216 240
459328 240
459444 231
459560 231
459672 225
459784 224
459896 224
460008 216
460120 216
460232 207
460344 207
460464 199
460576 199
460688 195
460800 193
460912 192
461024 192
461136 188
461248 184
461360 179
461480 176
461592 176
461704 167
461816 167
461928 163
462040 159
462152 159
462264 158
462376 156
462496 152
462608 152
