20 227
132 231
244 231
360 231
476 240
588 240
700 240
812 241
924 248
1040 248
1152 248
1264 248
1376 252
1492 252
1604 252
1720 254
1832 255
1944 255
2056 255
2168 255
2280 255
2392 255
2512 255
2624 255
2736 255
2848 255
2960 255
3072 255
3184 255
3296 255
3408 255
3528 255
3640 255
3752 255
3864 255
3976 254
4088 252
4200 252
4312 252
4424 248
4544 248
4656 248
4768 248
4880 241
4992 240
5104 240
5216 240
5328 240
5440 231
5560 231
5672 231
5784 227
5896 225
6008 224
6120 224
6236 224
6348 220
6460 216
6576 216
6688 216
6800 207
6916 207
7028 207
7140 206
7252 199
7364 199
7476 199
7592 195
7708 195
7820 193
7932 192
8044 192
8156 192
8268 192
8380 192
8492 184
8612 184
8724 184
8836 184
8948 184
9060 179
9172 177
9284 177
9396 176
9508 176
9620 176
9740 176
9852 176
9964 176
10076 176
10188 176
10300 176
10412 176
10524 176
10636 176
10756 176
10868 176
10980 176
11092 177
11204 177
11316 179
11428 184
11540 184
11652 184
11772 188
11884 192
11996 192
12108 192
12220 192
12332 192
12444 193
12556 195
12672 199
12788 199
12900 199
13012 206
13124 207
13236 207
13352 207
13464 216
13576 216
13688 216
13804 220
13916 224
14032 224
14144 224
14256 225
14368 227
14480 231
14592 231
14704 231
14824 240
14936 240
15048 240
15160 241
15272 243
15384 248
15496 248
15608 248
15720 248
15840 252
15952 252
16064 254
16176 254
16288 255
16400 255
16512 255
16624 255
16736 255
16856 255
16968 255
17080 255
17192 255
17304 255
17416 255
17528 255
17640 255
17752 255
17872 255
17984 255
18096 255
18208 255
18320 254
18432 254
18544 252
18660 252
18772 252
18888 248
19000 248
19112 248
19224 243
19340 241
19452 240
19564 240
19676 240
19788 231
19904 231
20020 231
20132 227
20244 225
20356 224
20468 224
20580 224
20692 220
20804 216
20924 216
21036 216
21148 209
21260 207
21372 207
21484 206
21596 199
21708 199
21820 199
21940 195
22052 195
22164 193
22276 192
22388 192
22500 192
22612 192
22724 192
22836 184
22956 184
23068 184
23180 184
23292 184
23404 179
23516 177
23628 177
23740 176
23856 176
23972 176
24084 176
24196 176
24308 176
24420 176
24536 176
24648 176
24760 176
24872 176
24988 176
25100 176
25216 176
25328 177
25440 179
25552 184
25664 184
25776 184
25888 184
26000 184
26116 192
26228 192
26340 192
26452 192
26564 192
26676 192
26788 193
26900 195
27012 199
27132 199
27244 199
27356 206
27468 207
27580 207
27692 207
27804 216
27916 216
28028 216
28148 220
28260 224
28372 224
28484 224
28596 225
28708 227
28820 231
28936 231
29048 231
29164 231
29276 240
29392 240
29504 240
29616 243
29728 248
29844 248
29956 248
30068 248
30180 252
30292 252
30408 252
30524 254
30636 254
30748 255
30860 255
30972 255
31084 255
31196 255
31308 255
31428 255
31540 255
31652 255
31764 255
31876 255
31988 255
32100 255
32212 255
32324 255
32444 255
32556 255
32668 254
32780 254
32892 252
33004 252
33116 252
33228 248
33340 248
33460 248
33572 248
33684 241
33796 240
33908 240
34020 240
34132 231
34244 231
34360 231
34476 227
34588 227
34700 225
34812 224
34924 224
35036 224
35152 220
35264 216
35376 216
35492 216
35604 207
35716 207
35832 207
35944 199
36056 199
36168 199
36280 199
36392 195
36508 193
36624 192
36736 192
36848 192
36960 192
37072 192
37184 188
37296 184
37408 184
37528 184
37640 184
37752 179
37864 177
37976 177
38088 177
38200 176
38312 176
38424 176
38544 176
38656 176
38768 176
38880 176
38992 176
39104 176
39216 176
39328 176
39440 176
39560 177
39672 177
39784 179
39896 184
40008 184
40120 184
40232 184
40348 184
40460 188
40572 192
40688 192
40800 192
40912 192
41028 192
41140 193
41252 195
41364 195
41476 199
41588 199
41704 199
41820 206
41932 207
42044 207
42156 211
42268 216
42380 216
42492 220
42604 224
42724 224
42836 224
42948 225
43060 227
43172 231
43284 231
43396 231
43508 238
43620 240
43740 240
43852 240
43964 241
44076 248
44188 248
44300 248
44412 248
44524 252
44636 252
44756 252
44868 254
44980 255
45092 255
45204 255
45316 255
45428 255
45544 255
45656 255
45772 255
45884 255
45996 255
46108 255
46224 255
46336 255
46448 255
46560 255
46672 255
46788 255
46904 255
47016 255
47128 254
47240 252
47352 252
47464 252
47576 248
47688 248
47808 248
47920 248
48032 241
48144 240
48256 240
48368 240
48480 231
48592 231
48704 231
48824 227
48936 225
49048 224
49160 224
49272 224
49384 220
49496 216
49608 216
49720 216
49840 207
49952 207
50064 207
50176 199
50288 199
50400 199
50512 199
50624 195
50740 195
50856 192
50968 192
51080 192
51192 192
51304 192
51420 192
51532 188
51644 184
51756 184
51872 184
51984 184
52100 184
52212 177
52324 177
52436 176
52548 176
52660 176
52772 176
52892 176
53004 176
53116 176
53228 176
53340 176
53452 176
53564 176
53676 176
53788 176
53908 177
54020 177
54132 179
54244 184
54356 184
54468 184
54580 184
54692 184
54804 188
54924 192
55036 192
55148 192
55260 192
55372 192
55484 193
55596 195
55708 195
55820 199
55936 199
56052 199
56164 207
56276 207
56388 207
56500 216
56616 216
56728 216
56840 220
56952 224
57068 224
57180 224
57292 225
57404 227
57516 227
57628 231
57740 231
57860 236
57972 240
58088 240
58200 240
58312 241
58424 248
58540 248
58652 248
58764 248
58876 252
58988 252
59104 252
59220 254
59332 255
59444 255
59556 255
59668 255
59780 255
59892 255
60004 255
60124 255
60236 255
60348 255
60460 255
60572 255
60684 255
60796 255
60908 255
61020 255
61140 255
61252 255
61364 255
61476 254
61588 252
61700 252
61812 252
61924 248
62036 248
62156 248
62268 248
62380 241
62492 240
62604 240
62716 240
62828 231
62940 231
63056 231
63172 227
63284 227
63396 225
63508 224
63620 224
63736 224
63848 220
63960 216
64072 216
64188 211
64300 207
64416 207
64528 207
64640 199
64752 199
64864 199
64976 199
65088 195
65200 193
65316 193
65428 192
65540 192
65652 192
65764 192
65876 188
65988 184
66100 184
66212 184
66332 184
66444 184
66556 177
66668 177
66780 176
66892 176
67004 176
67116 176
67228 176
67348 176
67460 176
67572 176
67684 176
67796 176
67908 176
68020 176
68136 176
68248 176
68364 177
68476 177
68588 184
68700 184
68816 184
68928 184
69040 184
69152 188
69264 192
69380 192
69496 192
69608 192
69720 192
69832 193
69944 195
70056 195
70168 199
70280 199
70400 199
70512 207
70624 207
70736 207
70848 211
70960 216
71072 216
71184 220
71296 224
71416 224
71528 224
71640 225
71752 227
71864 231
71976 231
72088 231
72200 231
72312 240
72432 240
72544 240
72656 241
72768 243
72880 248
72992 248
73104 248
73216 252
73332 252
73448 252
73560 254
73672 255
73784 255
73896 255
74012 255
74124 255
74236 255
74348 255
74464 255
74576 255
74692 255
74804 255
74916 255
75028 255
75140 255
75252 255
75364 255
75484 255
75596 255
75708 255
75820 254
75932 254
76044 252
76156 252
76268 248
76380 248
76500 248
76612 248
76724 241
76836 240
76948 240
77060 240
77172 236
77284 231
77396 231
77516 231
77628 227
77740 225
77852 224
77964 224
78076 224
78188 220
78300 216
78412 216
78532 216
78644 207
78756 207
78868 207
78980 206
79092 199
79208 199
79320 199
79432 195
79548 193
79660 193
79772 192
79888 192
80000 192
80112 192
80224 192
80336 184
80448 184
80560 184
80676 184
80788 184
80900 179
81012 177
81124 177
81236 176
81348 176
81460 176
81572 176
81692 176
81804 176
81916 176
82028 176
82140 176
82252 176
82368 176
82480 176
82592 176
82708 177
82820 179
82932 179
83048 184
83160 184
83272 184
83384 184
83496 184
83608 192
83724 192
83840 192
83952 192
84064 192
84176 193
84288 195
84400 195
84512 199
84624 199
84744 199
84856 206
84968 207
85080 207
85192 209
85304 216
85416 216
85528 216
85640 224
85760 224
85872 224
85984 224
86096 227
86208 227
86320 231
86432 231
86544 231
86656 240
86776 240
86888 240
87000 241
87112 243
87224 248
87336 248
87448 248
87564 248
87676 252
87792 252
87904 254
88016 254
88128 255
88244 255
88356 255
88468 255
88580 255
88692 255
88808 255
88924 255
89036 255
89148 255
89260 255
89372 255
89484 255
89596 255
89708 255
89828 255
89940 255
90052 255
90164 254
90276 254
90388 252
90500 252
90612 248
90724 248
90844 248
90956 248
91068 241
91180 240
91292 240
91404 240
91516 240
91628 231
91740 231
91860 231
91972 227
92084 225
92196 224
92308 224
92420 224
92532 220
92644 216
92760 216
92876 216
92988 207
93100 207
93212 207
93324 206
93440 199
93552 199
93664 199
93776 195
93892 195
94004 193
94120 192
94232 192
94344 192
94456 192
94568 192
94680 184
94792 184
94912 184
95024 184
95136 184
95248 179
95360 177
95472 177
95584 176
95696 176
95808 176
95920 176
96040 176
96152 176
96264 176
96376 176
96488 176
96600 176
96712 176
96824 176
96936 176
97056 177
97168 177
97280 179
97392 184
97504 184
97616 184
97728 184
97840 184
97956 188
98072 192
98184 192
98296 192
98408 192
98520 193
98636 193
98748 195
98860 199
98972 199
99088 199
99200 206
99316 207
99428 207
99540 207
99652 216
99764 216
99876 216
99988 220
100108 224
100220 224
100332 224
100444 225
100556 227
100668 231
100780 231
100892 231
101004 240
101124 240
101236 240
101348 240
101460 241
101572 248
101684 248
101796 248
101908 248
102020 252
102140 252
102252 254
102364 254
102476 255
102588 255
102700 255
102812 255
102924 255
103036 255
103156 255
103268 255
103380 255
103492 255
103604 255
103716 255
103832 255
103944 255
104056 255
104172 255
104284 255
104396 255
104512 254
104624 252
104736 252
104848 252
104960 248
105072 248
105188 248
105304 248
105416 243
105528 241
105640 240
105752 240
105864 240
105976 231
106088 231
106208 231
106320 227
106432 225
106544 224
106656 224
106768 224
106880 220
106992 216
107104 216
107224 216
107336 207
107448 207
107560 207
107672 206
107784 199
107896 199
108008 199
108120 195
108240 195
108352 193
108464 192
108576 192
108688 192
108800 192
108912 192
109028 188
109140 184
109256 184
109368 184
109480 184
109592 179
109708 177
109820 177
109932 176
110044 176
110156 176
110272 176
110388 176
110500 176
110612 176
110724 176
110836 176
110948 176
111060 176
111172 176
111284 176
111404 177
111516 177
111628 179
111740 184
111852 184
111964 184
112076 184
112188 184
112300 192
112420 192
112532 192
112644 192
112756 192
112868 192
112980 193
113092 195
113204 199
113316 199
113436 199
113548 206
113660 207
113772 207
113884 207
113996 216
114108 216
114224 216
114336 220
114452 224
114564 224
114676 224
114788 225
114904 227
115016 231
115128 231
115240 231
115352 240
115468 240
115584 240
115704 240
115816 241
115928 248
116040 248
116152 248
116272 248
116384 252
116496 252
116608 252
116720 252
116832 254
116944 254
117056 254
117168 255
117288 255
117400 255
117512 255
117624 255
117736 255
117848 255
117960 255
118072 255
118184 255
118304 255
118416 255
118528 255
118640 255
118752 254
118864 254
118980 252
119092 252
119204 252
119320 252
119432 248
119544 248
119660 248
119772 243
119884 240
119996 240
120108 240
120220 240
120336 231
120452 231
120564 231
120676 227
120788 225
120900 224
121012 224
121124 224
121236 224
121356 220
121468 216
121580 216
121692 211
121804 207
121916 207
122028 207
122140 199
122252 199
122372 199
122484 195
122596 195
122708 193
122820 192
122932 192
123044 192
123156 192
123268 188
123388 184
123500 184
123612 184
123724 184
123836 184
123948 179
124060 177
124176 177
124288 176
124404 176
124516 176
124628 176
124740 176
124856 176
124968 176
125080 176
125192 176
125304 176
125420 176
125536 176
125648 176
125760 177
125872 177
125984 179
126096 184
126208 184
126320 184
126432 184
126548 184
126660 188
126772 192
126884 192
126996 192
127108 192
127220 193
127332 193
127444 195
127564 199
127676 199
127788 199
127900 206
128012 207
128124 207
128236 207
128348 216
128464 216
128580 216
128692 220
128804 224
128916 224
129028 224
129140 225
129256 227
129368 231
129480 231
129596 231
129708 236
129820 240
129936 240
130048 240
130160 241
130272 248
130384 248
130496 248
130612 248
130728 252
130840 252
130952 252
131064 254
131176 255
131288 255
131400 255
131512 255
131632 255
131744 255
131856 255
131968 255
132080 255
132192 255
132304 255
132416 255
132528 255
132648 255
132760 255
132872 255
132984 255
133096 255
133208 254
133320 254
133432 252
133544 252
133664 248
133776 248
133888 248
134000 248
134112 248
134224 241
134336 240
134452 240
134564 240
134680 231
134792 231
134904 231
135016 227
135132 227
135244 225
135356 224
135468 224
135580 224
135696 220
135812 216
135924 216
136036 211
136148 207
136260 207
136372 207
136484 199
136596 199
136716 199
136828 195
136940 195
137052 193
137164 192
137276 192
137388 192
137500 192
137612 192
137732 188
137844 184
137956 184
138068 184
138180 184
138292 184
138404 177
138516 177
138628 177
138748 176
138860 176
138972 176
139084 176
139196 176
139308 176
139420 176
139532 176
139648 176
139764 176
139876 176
139988 176
140100 176
140212 176
140328 177
140440 179
140552 184
140664 184
140780 184
140892 184
141008 188
141120 192
141232 192
141344 192
141456 192
141568 192
141680 193
141792 195
141908 199
142020 199
142132 199
142244 199
142356 207
142468 207
142580 207
142692 211
142804 216
142924 216
143036 220
143148 224
143260 224
143372 224
143484 225
143596 227
143708 227
143820 231
143940 231
144052 238
144164 240
144276 240
144388 240
144500 241
144616 248
144728 248
144840 248
144952 248
145064 252
145176 252
145288 254
145404 254
145516 255
145632 255
145744 255
145856 255
145968 255
146084 255
146196 255
146308 255
146420 255
146532 255
146648 255
146764 255
146876 255
146988 255
147100 255
147212 255
147324 255
147436 255
147548 255
147668 254
147780 252
147892 252
148004 252
148116 248
148228 248
148340 248
148452 248
148564 241
148684 240
148796 240
148908 240
149020 231
149132 231
149244 231
149356 227
149468 227
149580 225
149700 224
149812 224
149924 224
150036 220
150148 216
150260 216
150372 216
150484 207
150600 207
150716 207
150828 199
150940 199
151052 199
151164 199
151280 195
151392 193
151504 192
151616 192
151732 192
151844 192
151960 192
152072 188
152184 184
152296 184
152408 184
152520 184
152632 184
152752 177
152864 177
152976 177
153088 176
153200 176
153312 176
153424 176
153536 176
153648 176
153768 176
153880 176
153992 176
154104 176
154216 176
154328 176
154440 177
154552 177
154664 177
154784 184
154896 184
155008 184
155120 184
155232 184
155344 188
155456 192
155568 192
155680 192
155800 192
155912 192
156024 193
156136 195
156248 195
156360 199
156476 199
156588 199
156700 206
156816 207
156928 207
157040 207
157156 211
157268 216
157380 216
157492 220
157604 224
157716 224
157832 224
157948 225
158060 227
158172 231
158284 231
158396 231
158508 236
158620 240
158732 240
158852 240
158964 241
159076 248
159188 248
159300 248
159412 248
159524 252
159636 252
159748 252
159868 254
159980 255
160092 255
160204 255
160316 255
160428 255
160540 255
160652 255
160764 255
160876 255
160996 255
161108 255
161220 255
161332 255
161444 255
161556 255
161668 255
161784 255
161896 255
162012 254
162124 252
162236 252
162348 248
162460 248
162572 248
162684 248
162796 248
162908 241
163028 240
163140 240
163252 240
163364 236
163476 231
163588 231
163704 227
163816 227
163928 224
164044 224
164156 224
164268 220
164384 216
164496 216
164608 216
164720 209
164832 207
164944 207
165060 207
165176 199
165288 199
165400 199
165512 199
165624 195
165736 193
165848 192
165960 192
166080 192
166192 192
166304 192
166416 188
166528 184
166640 184
166752 184
166864 184
166976 179
167096 177
167208 177
167320 176
167432 176
167544 176
167656 176
167768 176
167880 176
167992 176
168112 176
168224 176
168336 176
168448 176
168560 176
168672 176
168784 177
168900 177
169012 177
169128 179
169240 184
169352 184
169464 184
169580 184
169692 184
169804 192
169916 192
170028 192
170144 192
170260 192
170372 193
170484 195
170596 195
170708 199
170820 199
170932 199
171044 206
171164 207
171276 207
171388 211
171500 216
171612 216
171724 220
171836 224
171948 224
172060 224
172180 224
172292 227
172404 227
172516 231
172628 231
172740 231
172852 240
172964 240
173076 240
173196 241
173308 248
173420 248
173532 248
173644 248
173764 248
173876 248
173988 252
174100 252
174212 254
174324 254
174436 255
174548 255
174660 255
174780 255
174892 255
175004 255
175116 255
175228 255
175340 255
175452 255
175564 255
175676 255
175796 255
175908 255
176020 254
176132 254
176244 254
176356 252
176468 252
176580 252
176692 248
176812 248
176924 248
177036 248
177148 243
177260 241
177372 240
177488 240
177600 240
177712 231
177828 231
177940 231
178052 231
178168 227
178280 225
178392 224
178504 224
178616 224
178728 220
178844 216
178960 216
179072 216
179184 207
179296 207
179408 207
179520 199
179632 199
179744 199
179864 199
179976 195
180088 193
180200 192
180312 192
180424 192
180536 192
180648 192
180760 188
180880 184
180992 184
181104 184
181216 184
181328 179
181440 177
181552 177
181664 176
181776 176
181888 176
182008 176
182120 176
182232 176
182344 176
182456 176
182568 176
182684 176
182796 176
182908 176
183024 176
183136 176
183248 176
183364 177
183476 179
183588 184
183700 184
183812 184
183924 184
184040 184
184156 188
184268 192
184380 192
184492 192
184604 192
184716 192
184828 193
184940 195
185060 199
185172 199
185284 199
185396 199
185508 207
185620 207
185732 207
185844 211
185956 216
186076 216
186188 220
186300 224
186412 224
186524 224
186636 225
186748 227
186860 227
186972 231
187092 231
187204 231
187316 240
187428 240
187540 240
187652 240
187764 241
187880 248
187992 248
188108 248
188220 248
188332 252
188444 252
188560 252
188672 254
188784 254
188896 255
189008 255
189124 255
189236 255
189352 255
189464 255
189576 255
189688 255
189800 255
189912 255
190024 255
190144 255
190256 255
190368 255
190480 255
190592 254
190704 252
190816 252
190928 252
191040 248
191160 248
191272 248
191384 248
191496 243
191608 241
191720 240
191832 240
191944 240
192056 231
192176 231
192288 231
192400 231
192512 227
192624 225
192736 224
192848 224
192960 224
193072 220
193192 216
193304 216
193416 216
193528 207
193640 207
193752 207
193868 206
193980 199
194092 199
194208 199
194320 195
194432 193
194548 192
194660 192
194772 192
194884 192
194996 192
195108 188
195224 184
195340 184
195452 184
195564 184
195676 184
195788 177
195900 177
196012 176
196124 176
196244 176
196356 176
196468 176
196580 176
196692 176
196804 176
196916 176
197028 176
197140 176
197252 176
197372 176
197484 176
197596 176
197708 177
197820 177
197932 179
198044 184
198156 184
198268 184
198388 184
198500 188
198612 192
198724 192
198836 192
198948 192
199060 192
199172 193
199284 195
199404 195
199516 199
199628 199
199740 199
199852 207
199964 207
200076 207
200188 211
200304 216
200420 216
200532 220
200644 224
200756 224
200868 224
200984 224
201096 225
201208 227
201320 231
201436 231
201548 231
201664 238
201776 240
201888 240
202000 240
202112 241
202224 248
202336 248
202452 248
202564 248
202680 252
202792 252
202908 252
203020 254
203132 255
203244 255
203356 255
203472 255
203584 255
203696 255
203808 255
203924 255
204036 255
204152 255
204264 255
204376 255
204488 255
204600 255
204712 255
204824 255
204944 254
205056 254
205168 252
205280 252
205392 248
205504 248
205616 248
205728 248
205840 243
205960 241
206072 240
206184 240
206296 240
206408 231
206520 231
206632 231
206744 227
206856 227
206976 225
207088 224
207200 224
207312 224
207424 220
207536 216
207648 216
207760 216
207872 207
207992 207
208104 207
208216 206
208328 199
208440 199
208552 199
208668 195
208780 193
208892 193
209008 192
209120 192
209232 192
209348 192
209460 188
209572 184
209684 184
209796 184
209908 184
210024 184
210140 177
210252 177
210364 176
210476 176
210588 176
210700 176
210812 176
210924 176
211044 176
211156 176
211268 176
211380 176
211492 176
211604 176
211716 176
211828 176
211940 176
212060 177
212172 177
212284 179
212396 184
212508 184
212620 184
212732 184
212844 184
212956 192
213076 192
213188 192
213300 192
213412 192
213524 193
213636 195
213748 195
213864 199
213976 199
214092 199
214204 207
214316 207
214428 207
214544 211
214656 216
214768 216
214880 220
214992 220
215104 224
215220 224
215332 224
215444 225
215556 227
215668 231
215780 231
215892 231
216004 240
216116 240
216236 240
216348 241
216460 241
216572 248
216684 248
216796 248
216908 248
217024 252
217136 252
217252 252
217364 254
217476 254
217588 255
217704 255
217816 255
217928 255
218040 255
218152 255
218268 255
218384 255
218496 255
218608 255
218720 255
218832 255
218944 255
219056 255
219168 255
219288 254
219400 254
219512 252
219624 252
219736 248
219848 248
219960 248
220072 248
220184 248
220304 241
220416 240
220528 240
220640 240
220752 238
220864 231
220976 231
221088 231
221200 227
221320 225
221432 224
221544 224
221656 224
221768 220
221880 216
221992 216
222104 216
222220 207
222336 207
222448 207
222560 206
222672 199
222784 199
222900 199
223012 195
223124 195
223236 192
223352 192
223464 192
223580 192
223692 192
223804 188
223916 184
224028 184
224140 184
224252 184
224372 184
224484 177
224596 177
224708 176
224820 176
224932 176
225044 176
225156 176
225268 176
225388 176
225500 176
225612 176
225724 176
225836 176
225948 176
226060 176
226172 176
226284 176
226404 177
226516 177
226628 179
226740 184
226852 184
226964 184
227076 184
227188 184
227300 192
227420 192
227532 192
227644 192
227756 192
227868 193
227980 195
228096 195
228208 199
228320 199
228436 199
228548 206
228660 207
228776 207
228888 207
229000 216
229112 216
229224 216
229336 224
229452 224
229568 224
229680 224
229792 225
229904 227
230016 231
230128 231
230240 231
230352 240
230464 240
230580 240
230692 240
230804 243
230916 248
231028 248
231140 248
231252 248
