4 96
224 112
436 124
648 135
860 156
1072 176
1292 192
1504 216
1716 231
1928 254
2140 255
2360 280
2572 280
2784 271
2996 255
3208 255
3428 240
3640 224
3852 207
4064 192
4276 167
4492 152
4708 127
4920 110
5132 96
5348 88
5560 88
5776 96
5988 103
6200 115
6416 127
6628 143
6840 163
7056 184
7268 199
7484 224
7696 241
7908 255
8120 280
8336 280
8552 280
8764 255
8976 255
9188 248
9400 231
9620 216
9832 195
10044 176
10256 159
10476 135
10688 120
10900 97
11112 88
11324 88
11544 92
11756 96
11968 110
12180 124
12392 135
12612 158
12824 176
13036 193
13248 216
13460 231
13680 255
13892 271
14104 280
14316 280
14528 271
14748 255
14960 254
15172 240
15384 224
15604 199
15816 188
16028 167
16240 143
16452 127
16672 103
16884 96
17096 88
17308 88
17520 96
17736 103
17952 120
18164 127
18376 152
18588 167
18804 192
19020 206
19232 224
19444 248
19656 255
19872 275
20084 280
20300 280
20512 255
20728 255
20940 248
21152 227
21364 216
21580 193
21796 176
22008 156
22220 127
22432 115
22644 96
22864 88
23076 88
23288 92
23500 97
23712 112
23932 126
24144 142
24356 159
24568 176
24780 195
25000 216
25212 238
25424 255
25636 271
25856 280
26068 280
26280 271
26492 255
26704 252
26924 240
27136 224
27348 199
27560 184
27772 163
27992 143
28204 126
28416 103
28628 92
28840 88
29060 88
29272 96
29484 103
29696 120
29916 127
30128 152
30340 167
30552 192
30764 207
30980 225
31196 248
31408 255
31620 280
31832 280
32048 280
32264 255
32476 255
32688 248
32900 227
33116 209
33328 192
33544 176
33756 156
33968 127
34184 113
34396 96
34608 88
34824 88
35040 92
35252 99
35464 112
35676 127
35888 143
36108 159
36320 177
36532 195
36744 216
36956 240
37176 255
37388 271
37600 280
37812 280
38024 271
38244 255
38456 252
38668 231
38880 220
39092 199
39312 184
39524 159
39736 143
39948 124
40168 103
40380 92
40592 88
40804 88
41016 96
41236 103
41448 120
41660 127
41872 152
42084 167
42304 192
42516 207
42728 227
42940 248
43152 255
43372 280
43584 280
43796 275
44008 255
44220 255
44436 241
44652 225
44864 207
45076 192
45292 167
45504 152
45720 127
45932 112
46144 96
46360 88
46572 88
46784 92
47000 99
47212 112
47428 127
47640 143
47852 159
48064 184
48280 199
48496 224
48708 240
48920 255
49132 271
49344 280
49564 280
49776 271
49988 255
50200 252
50420 231
50632 220
50844 199
51056 184
51268 159
51488 142
51700 124
51912 103
52124 92
52336 88
52556 88
52768 96
52980 103
53192 120
53404 127
53624 156
53836 167
54048 192
54260 207
54472 227
4 143
220 127
432 103
644 96
856 88
1072 88
1284 96
1500 103
1712 120
1924 127
2140 152
2352 167
2564 188
2780 199
2996 224
3208 248
3420 255
3632 280
3844 280
4064 280
4276 255
4488 255
4700 248
4912 227
5132 216
5344 193
5556 176
5768 156
5980 127
6200 115
6412 97
6624 88
6836 88
7048 92
7268 99
7480 112
7692 126
7904 142
8124 159
8336 176
8548 195
8760 216
8972 236
9192 255
9404 271
9616 280
9828 280
10040 271
10260 255
10472 252
10684 240
10896 224
11108 199
11328 184
11540 163
11752 143
11964 126
12176 103
12396 92
12608 88
12820 88
13032 96
13248 103
13464 120
13676 127
13888 152
14100 167
14316 192
14528 207
14744 225
14956 248
15168 255
15384 280
15596 280
15808 275
16024 255
16236 255
16452 241
16664 225
16876 207
17088 192
17304 176
17520 156
17732 127
17944 113
18156 96
18376 88
18588 88
18800 92
19012 99
19224 112
19444 127
19656 143
19868 159
20080 177
20292 195
20512 220
20724 240
20936 255
21148 271
21360 280
21580 280
21792 271
22004 255
22216 252
22428 231
22648 220
22860 199
23072 184
23284 159
23504 143
23716 124
23928 103
24140 92
24352 88
24572 88
24784 96
24996 103
25208 120
25420 127
25636 152
25852 167
26064 192
26276 207
26488 227
26704 248
26920 255
27132 280
27344 280
27556 280
27772 255
27984 255
28196 241
28408 225
28628 207
28840 192
29052 174
29264 152
29476 127
29696 112
29908 96
30120 88
30332 88
30544 94
30760 99
30976 112
31188 127
31400 143
31612 159
31828 179
32044 199
32256 220
32468 240
32680 255
32896 271
33108 280
33324 280
33536 271
33752 255
33964 252
34176 231
34388 220
34604 199
34820 184
35032 159
35244 143
35456 124
35668 103
35888 92
36100 88
36312 92
36524 96
36736 103
36956 120
37168 127
37380 152
37592 167
37812 192
38024 207
38236 227
38448 252
38660 255
38880 280
39092 280
39304 280
39516 255
39728 255
39948 241
40160 224
40372 207
40584 192
40796 167
41016 152
41228 127
41440 112
41652 96
41864 88
42084 88
42296 96
42508 99
42720 113
42940 127
43152 143
43364 159
43576 184
43788 199
44004 224
44220 240
44432 255
44644 271
44856 280
45072 280
45288 271
45500 255
45712 248
45924 231
46140 216
46352 195
46568 177
46780 159
46992 135
47208 120
47420 99
47632 92
47848 88
48064 92
48276 96
48488 103
48700 124
48912 135
49132 156
49344 176
49556 192
49768 209
49980 231
50200 252
50412 255
50624 280
50836 280
51048 271
51268 255
51480 255
51692 240
51904 224
52116 207
52336 192
52548 167
52760 152
52972 127
53192 112
53404 96
53616 88
53828 88
54040 96
54260 103
54472 113
4 127
216 112
428 96
640 88
860 88
1072 92
1284 99
1496 112
1708 127
1928 143
2140 159
2352 177
2564 195
2784 216
2996 240
3208 255
3420 271
3632 280
3852 280
4064 255
4276 255
4488 248
4700 231
4920 220
5132 199
5344 184
5556 159
5768 143
5988 124
6200 103
6412 92
6624 88
6836 88
7056 96
7268 103
7480 120
7692 127
7912 152
8124 167
8336 192
8548 207
8760 227
8976 248
9192 255
9404 280
9616 280
9828 280
10044 255
10256 255
10472 240
10684 224
10896 207
11112 192
11324 167
11536 152
11752 127
11964 112
12180 96
12392 88
12604 88
12816 92
13036 99
13248 112
13460 127
13672 143
13884 159
14104 184
14316 199
14528 220
14740 240
14952 255
15172 271
15384 280
15596 280
15808 255
16020 255
16240 248
16452 231
16664 216
16876 199
17096 184
17308 159
17520 143
17732 124
17944 103
18164 92
18376 88
18588 88
18800 96
19012 103
19232 120
19444 127
19656 152
19868 167
20080 192
20300 207
20512 231
20724 252
20936 255
21148 280
21368 280
21580 280
21792 255
22004 255
22220 241
22436 225
22648 207
22860 192
23072 167
23288 152
23500 127
23716 112
23928 96
24140 88
24356 88
24568 96
24780 99
24996 113
25208 127
25424 143
25636 159
25848 184
26060 199
26276 224
26492 240
26704 255
26916 271
27128 280
27348 280
27560 271
27772 255
27984 248
28196 231
28416 216
28628 195
28840 179
29052 159
29264 135
29484 120
29696 99
29908 92
30120 88
30332 88
30552 96
30764 103
30976 120
31188 135
31400 156
31620 176
31832 192
32044 211
32256 231
32476 254
32688 255
32900 280
33112 280
33324 271
33544 255
33756 255
33968 240
34180 224
34392 207
34612 192
34824 167
35036 152
35248 127
35460 112
35676 96
35892 88
36104 88
36316 96
36528 103
36744 115
36960 127
37172 143
37384 163
37600 184
37812 199
38024 224
38240 243
38452 255
38668 280
38880 280
39092 280
39304 271
39520 255
39736 248
39948 231
40160 216
40372 195
40584 177
40804 159
41016 135
41228 120
41440 99
41652 92
41872 88
42084 92
42296 96
42508 110
42728 124
42940 135
43152 158
43364 176
43576 192
43796 216
44008 231
44220 255
44432 255
44644 280
44860 280
45076 271
45288 255
45500 255
45712 240
45928 224
46144 206
46356 192
46568 167
46780 147
46996 127
47208 108
47424 96
47636 88
47852 88
48064 96
48276 103
48488 120
48704 127
48920 147
49132 163
49344 184
49556 199
49768 224
49988 248
50200 255
50412 280
50624 280
50836 280
51056 255
51268 255
51480 248
51692 231
51912 216
52124 193
52336 176
52548 158
52760 135
52980 120
53192 97
53404 89
53616 88
53828 92
54048 97
54260 112
54472 124
4 231
216 220
428 199
648 184
860 159
1072 143
1284 124
1496 103
1716 92
1928 88
2140 88
2352 96
2568 103
2780 120
2996 127
3208 152
3420 167
3636 192
3848 207
4060 227
4276 252
4488 255
4704 280
4916 280
5128 271
5340 255
5556 255
5772 241
5984 224
6196 207
6408 192
6620 167
6840 152
7052 127
7264 112
7476 96
7696 88
7908 88
8120 92
8332 99
8544 112
8764 127
8976 143
9188 159
9400 184
9612 199
9832 224
10044 240
10256 255
10468 271
10680 280
10900 280
11112 255
11324 255
11536 248
11756 231
11968 216
12180 199
12392 184
12604 159
12824 142
13036 120
13248 103
13460 92
13672 88
13892 88
14104 96
14316 103
14528 120
14740 127
14956 156
15172 174
15384 192
15596 207
15808 231
16024 252
16240 255
16452 280
16664 280
16880 275
17092 255
17304 255
17520 240
17732 224
17948 207
18160 192
18372 167
18584 152
18800 127
19016 112
19228 96
19440 88
19652 88
19864 96
20084 103
20296 113
20508 127
20720 143
20932 159
21152 184
21364 199
21576 224
21788 241
22008 255
22220 271
22432 280
22644 280
22856 271
23076 255
23288 248
23500 231
23712 216
23924 195
24144 177
24356 159
24568 135
24780 120
24992 99
25212 88
25424 88
25636 92
25848 96
26060 103
26280 124
26492 135
26704 156
26916 176
27136 192
27348 211
27560 231
27772 254
27984 255
28200 280
28416 280
28628 271
28840 255
29052 255
29268 240
29484 224
29696 207
29908 192
30120 167
30336 152
30548 127
30764 112
30976 96
31188 88
31404 88
31616 96
31828 99
32044 113
32260 127
32472 143
32684 163
32896 184
33108 199
33328 224
33540 243
33752 255
33964 280
34176 280
34396 280
34608 255
34820 255
35032 248
35244 231
35464 216
35676 193
35888 176
36100 158
36312 135
36532 120
36744 97
36956 88
37168 88
37388 92
37600 97
37812 112
38024 124
38236 135
38456 158
38668 176
38880 193
39092 216
39304 231
39524 255
39736 271
39948 280
40160 280
40372 271
40592 255
40804 254
41016 240
41228 224
41440 199
41660 192
41872 167
42084 145
42296 127
42512 103
42724 92
42940 88
43152 88
43364 96
43580 103
43792 120
44004 127
44220 152
44432 163
44648 188
44860 206
45072 224
45284 248
45500 255
45716 280
45928 280
46140 280
46352 255
46572 255
46784 248
46996 227
47208 216
47420 193
47640 176
47852 158
48064 135
48276 120
48488 97
48708 88
48920 88
49132 92
49344 97
49556 112
49776 126
49988 143
50200 159
50412 176
50624 193
50844 216
51056 231
51268 255
51480 271
51700 280
51912 280
52124 271
52336 255
52548 254
52768 240
52980 224
53192 199
53404 184
53616 163
53836 143
54048 126
54260 103
54472 92
4 124
220 135
432 158
644 176
860 193
1072 216
1288 231
1500 255
1712 271
1924 280
2140 280
2356 271
2568 255
2780 252
2992 240
3204 224
3424 199
3636 188
3848 167
4060 143
4272 127
4492 103
4704 96
4916 88
5128 88
5348 96
5560 103
5772 120
5984 127
6196 152
6416 167
6628 188
6840 206
7052 224
7264 248
7484 255
7696 280
7908 280
8120 280
8332 255
8552 255
8764 248
8976 227
9188 216
9400 193
9620 176
9832 158
10044 127
10256 120
10476 97
10688 88
10900 88
11112 92
11324 97
11540 112
11756 126
11968 142
12180 159
12392 176
12608 195
12824 216
13036 231
13248 255
13460 271
13676 280
13888 280
14104 271
14316 255
14528 254
14744 240
14956 224
15168 199
15384 184
15600 163
15812 143
16024 127
16236 103
16448 92
16668 88
16880 88
17092 96
17304 103
17516 120
17736 127
17948 152
18160 167
18372 192
18584 207
18804 225
19016 248
19228 255
19440 280
19652 280
19872 280
20084 255
20296 255
20508 248
20728 227
20940 207
21152 192
21364 176
21576 156
21796 127
22008 113
22220 96
22432 88
22644 88
22864 92
23076 99
23288 112
23500 126
23712 143
23932 159
24144 177
24356 195
24568 216
24780 240
25000 255
25212 271
25424 280
25636 280
25852 271
26068 255
26280 252
26492 231
26704 220
26920 199
27132 184
27348 159
27560 143
27772 124
27988 103
28200 92
28412 88
28628 88
28840 96
29056 103
29268 120
29480 127
29692 152
29912 167
30124 192
30336 207
30548 227
30760 248
30980 255
31192 280
31404 280
31616 280
31828 255
32048 255
32260 243
32472 225
32684 207
32896 192
33116 174
33328 152
33540 127
33752 112
33964 96
34184 88
34396 88
34608 92
34820 99
35040 112
35252 127
35464 143
35676 159
35888 177
36108 199
36320 220
36532 240
36744 255
36956 271
37176 280
37388 280
37600 271
37812 255
38024 252
38240 231
38456 220
38668 199
38880 184
39092 159
39308 143
39524 124
39736 103
39948 92
40164 88
40376 88
40588 96
40804 103
41016 120
41232 127
41444 152
41656 167
41868 192
42084 207
42300 227
42512 252
42724 255
42936 280
43148 280
43368 280
43580 255
43792 255
44004 241
44216 225
44436 207
44648 192
44860 167
45072 152
45292 127
45504 112
45716 96
45928 88
46140 88
46360 92
46572 99
46784 112
46996 127
47208 143
47428 159
47640 184
47852 199
48064 224
48276 240
48496 255
48708 271
48920 280
49132 280
49344 271
49564 255
49776 248
49988 231
50200 216
50420 199
50632 184
50844 159
51056 142
51268 120
51484 99
51700 92
51912 88
52124 88
52336 96
52552 103
52768 120
52980 127
53192 152
53404 167
53620 192
53832 207
54048 231
54260 252
54472 255
4 184
216 159
428 143
640 124
852 103
1072 92
1284 88
1496 88
1708 96
1920 103
2140 120
2352 135
2564 156
2776 167
2996 192
3208 207
3420 231
3632 252
3844 255
4060 280
4276 280
4488 275
4700 255
4912 255
5128 240
5344 224
5556 207
5768 192
5980 167
6196 152
6408 127
6624 112
6836 96
7048 88
7264 88
7476 96
7688 99
7904 113
8120 127
8332 143
8544 159
8756 184
8968 199
9188 224
9400 240
9612 255
9824 271
10036 280
10256 280
10468 271
10680 255
10892 248
11104 231
11324 216
11536 199
11748 177
11960 159
12172 135
12392 120
12604 99
12816 92
13028 88
13248 88
13460 96
13672 110
13884 124
14096 135
14316 156
14528 176
14740 192
14952 211
15164 231
15384 254
15596 255
15808 280
16020 280
16232 271
16452 255
16664 255
16876 240
17088 224
17300 207
17516 192
17728 167
17940 152
18152 127
18372 112
18584 96
18796 88
19008 88
19220 96
19440 103
19652 113
19864 127
20076 143
20288 163
20508 184
20720 199
20932 224
21144 241
21356 255
21576 275
21788 280
22000 280
22212 271
22424 255
22644 248
22856 231
23068 216
23280 195
23496 176
23708 159
23924 135
24136 120
24348 99
24564 88
24776 88
24988 92
25204 96
25416 110
25632 124
25844 135
26056 156
26268 176
26484 192
26700 216
26912 231
27124 254
27336 255
27556 280
27768 280
27980 271
28192 255
28404 255
28624 240
28836 224
29048 206
29260 192
29472 167
29692 147
29904 127
30116 110
30328 96
30540 88
30760 88
30972 96
31184 103
31396 120
31608 127
31828 152
32040 163
32252 184
32464 199
32684 224
32896 248
33108 255
33320 280
33532 280
33752 280
33964 255
34176 255
34388 248
34600 231
34820 216
35032 193
35244 176
35456 158
35668 135
35884 120
36100 97
36312 88
36524 88
36736 92
36952 97
37168 112
37380 124
37592 135
37808 159
38020 176
38232 193
38448 216
38660 231
38876 255
39088 271
39300 280
39512 280
39728 271
39944 255
40156 254
40368 240
40580 224
40792 206
41012 184
41224 167
41436 143
41648 127
41860 103
42080 96
42292 88
42504 88
42716 96
42936 103
43148 120
43360 127
43572 152
43784 167
44004 192
44216 207
44428 224
44640 248
44852 255
45072 280
45284 280
45496 280
45708 255
45920 255
46140 248
46352 227
46564 216
46776 193
46988 176
47208 156
47420 127
47632 115
47844 96
48064 88
48276 88
48488 92
48700 97
48912 112
49128 126
49344 142
49556 159
49768 176
49980 195
50196 216
50412 240
50624 255
50836 271
51048 280
51264 280
51476 271
51692 255
51904 254
52116 240
52332 224
52544 199
52756 184
52968 163
53188 143
53400 126
53612 103
53824 92
54036 88
54256 88
54468 96
4 231
216 216
428 199
640 184
860 159
1072 142
1284 120
1496 99
1708 92
1928 88
2140 88
2352 96
2564 103
2784 120
2996 135
3208 156
3420 174
3632 192
3852 211
4064 231
4276 252
4488 255
4700 280
4920 280
5132 271
5344 255
5556 255
5768 240
5988 224
6200 207
6412 192
6624 167
6836 152
7052 127
7264 112
7476 96
7688 88
7908 88
8120 96
8332 103
8544 113
8756 127
8976 143
9188 159
9400 184
9612 199
9824 224
10040 241
10256 255
10468 271
10680 280
10892 280
11108 271
11320 255
11536 248
11748 231
11960 216
12176 195
12388 177
12600 159
12816 135
13032 120
13244 99
13456 92
13668 88
13880 92
14100 97
14312 110
14524 124
14736 135
14948 156
15168 176
15380 192
15592 216
15804 231
16016 254
16236 255
16448 280
16660 280
16872 271
17092 255
17304 255
17516 240
17728 224
17940 207
18160 192
18372 167
18584 152
18796 127
19008 112
19228 96
19440 88
19652 88
19864 96
20076 103
20296 120
20508 127
20720 143
20932 163
21144 184
21364 199
21576 224
21788 241
22000 255
22216 280
22432 280
22644 280
22856 255
23068 255
23284 248
23500 231
23712 216
23924 195
24136 176
24352 158
24564 135
24780 120
24992 99
25204 88
25420 88
25632 92
25844 97
26060 112
26272 124
26488 135
26700 158
26912 176
27124 193
27344 216
27556 231
27768 255
27980 255
28192 280
28412 280
28624 271
28836 255
29048 254
29260 240
29480 224
29692 199
29904 188
30116 167
30328 145
30548 127
30760 103
30972 96
31184 88
31396 88
31616 96
31828 103
32040 120
32252 127
32472 152
32684 167
32896 184
33108 206
33320 224
33540 248
33752 255
33964 280
34176 280
34388 280
34608 255
34820 255
35032 248
35244 231
35456 216
35676 193
35888 176
36100 158
36312 135
36524 120
36740 97
36956 88
37168 88
37380 92
37596 97
37808 112
38024 126
38236 135
38448 159
38664 176
38876 195
39088 216
39304 231
39516 255
39732 271
39944 280
40156 280
40368 271
40584 255
40800 252
41012 240
41224 224
41436 199
41648 184
41868 163
42080 143
42292 126
42504 103
42724 92
42936 88
43148 88
43360 96
43572 103
43792 120
44004 127
44216 152
44428 167
44640 192
44860 207
45072 225
45284 248
45496 255
45708 280
45924 280
46140 280
46352 255
46564 255
46776 243
46992 227
47204 207
47420 192
47632 176
47848 156
48060 127
48272 113
48484 96
48700 88
48916 88
49128 92
49340 99
49552 112
49764 126
49984 143
50196 159
50408 176
50620 195
50832 216
51052 240
51264 255
51476 271
51688 280
51908 280
52120 271
52332 255
52544 252
52756 240
52976 224
53188 199
53400 184
53612 163
53824 143
54044 126
54256 103
54468 92
4 96
216 103
436 124
648 135
860 156
1072 172
1284 192
1504 209
1716 231
1928 252
2140 255
2352 280
2572 280
2784 271
2996 255
3208 254
3420 240
3640 224
3852 207
4064 192
4276 167
4488 152
4708 127
4920 112
5132 96
5344 88
5564 88
5776 96
5988 103
6200 113
6412 127
6632 143
6844 159
7056 184
7268 199
7480 224
7696 241
7912 255
8124 271
8336 280
8548 280
8764 271
8980 255
9192 248
9404 231
9616 216
9832 195
10044 177
10260 159
10472 135
10688 120
10900 99
11112 92
11324 88
11540 88
11756 96
11968 110
12180 124
12392 135
12604 156
12824 176
13036 192
13248 216
13460 231
13672 254
13892 255
14104 280
14316 280
14528 271
14740 255
14960 255
15172 240
15384 224
15596 207
15816 192
16028 167
16240 152
16452 127
16664 112
16884 96
17096 88
17308 88
17520 96
17732 103
17952 115
18164 127
18376 143
18588 159
18800 184
19020 199
19232 224
19444 241
19656 255
19868 271
20088 280
20300 280
20512 255
20724 255
20940 248
21156 231
21368 216
21580 195
21792 176
22008 158
22224 135
22436 120
22648 97
22860 88
23076 88
23288 92
23504 97
23716 112
23928 124
24144 135
24356 158
24568 176
24784 193
24996 216
25212 231
25424 255
25636 271
25848 280
26068 280
26280 271
26492 255
26704 255
26916 240
27136 224
27348 206
27560 192
27772 167
27984 147
28204 127
28416 103
28628 96
28840 88
29052 88
29272 96
29484 103
29696 120
29908 127
30120 152
30340 163
30552 184
30764 199
30976 224
31192 248
31404 255
31620 280
31832 280
32044 280
32260 255
32472 255
32684 248
32900 227
33112 211
33328 192
33540 176
33752 158
33964 135
34180 120
34396 97
34608 88
34820 88
35032 92
35252 97
35464 112
35676 126
35888 135
36100 159
36320 176
36532 195
36744 216
36956 231
37168 255
37388 271
37600 280
37812 280
38024 271
38236 255
38456 254
38668 240
38880 224
39092 199
39304 184
39524 163
39736 143
39948 127
40160 103
40380 92
40592 88
40804 88
41016 96
41228 103
41448 120
41660 127
41872 152
42084 167
42296 192
42516 207
42728 225
42940 248
43152 255
43364 280
43580 280
43796 280
44008 255
44220 255
44432 248
44648 227
44864 211
45076 193
45288 176
45504 156
45716 127
45928 115
46144 96
46356 88
46572 88
46784 92
46996 97
47208 112
47424 127
47640 143
47852 159
48064 176
48276 195
48488 216
48708 240
48920 255
49132 271
49344 280
49556 280
49776 271
49988 255
50200 252
50412 240
50632 224
50844 199
51056 184
51268 163
51480 143
51700 126
51912 103
52124 92
52336 88
52548 88
52768 96
52980 103
53192 120
53404 127
53616 152
53836 167
54048 192
54260 207
54472 225
4 248
224 231
436 216
648 199
860 184
1072 159
1292 142
1504 120
1716 99
1928 92
2140 88
2360 88
2572 96
2784 103
2996 120
3216 135
3428 156
3640 176
3852 192
4064 207
4284 231
4496 252
4708 255
4920 280
5132 280
5352 275
5564 255
5776 255
5988 240
6200 224
6420 207
6632 192
6844 167
7056 152
7268 127
7488 112
7700 96
7912 88
8124 88
8340 96
8556 103
8768 113
8980 127
9192 143
9408 159
9620 184
9836 199
10048 224
10260 240
10476 255
10688 271
10900 280
11116 280
11328 271
11544 255
11756 248
11968 231
12180 216
12396 195
12612 177
12824 159
13036 135
13248 120
13468 99
13680 88
13892 88
14104 92
14316 96
14536 110
14748 124
14960 135
15172 156
15384 176
15604 192
15816 216
16028 231
16240 254
16452 255
16672 280
16884 280
17096 271
17308 255
17520 255
17740 240
17952 224
18164 207
18376 192
18596 167
18808 152
19020 127
19232 112
19444 96
19664 88
19876 88
20088 96
20300 103
20512 120
20728 127
20944 145
21156 163
21368 184
21580 199
21796 224
22012 243
22224 255
22436 275
22648 280
22864 280
23076 255
23292 255
23504 248
23720 231
23932 216
24144 193
24356 176
24572 159
24788 135
25000 120
25212 97
25424 88
25636 88
25856 92
26068 97
26280 112
26492 124
26704 135
26924 158
27136 176
27348 193
27560 216
27780 231
27992 255
28204 271
28416 280
28628 280
28848 271
29060 255
29272 254
29484 240
29696 224
29916 199
30128 192
30340 167
30552 147
30764 127
30984 103
31196 96
31408 88
31620 88
31832 96
32052 103
32264 120
32476 127
32688 152
32908 167
33120 188
33332 206
33544 224
33756 248
33972 255
34188 280
34400 280
34612 280
34824 255
35040 255
35256 248
35468 227
35680 216
35892 193
36108 176
36320 158
36536 135
36748 120
36960 96
37176 88
37388 88
37600 92
37816 97
38032 112
38244 126
38456 135
38668 158
38880 176
39100 193
39312 216
39524 231
39736 255
39948 271
40168 280
40380 280
40592 271
40804 255
41016 254
41236 240
41448 224
41660 199
41872 184
42084 163
42304 143
42516 127
42728 103
42940 92
43160 88
43372 88
43584 96
43796 103
44008 120
44228 127
44440 152
44652 167
44864 192
45076 207
45296 225
45508 248
45720 255
45932 280
46144 280
46364 280
46576 255
46788 255
47000 248
47212 227
47432 211
47644 192
47856 176
48068 156
48284 127
48500 113
48712 96
48924 88
49136 88
49352 92
49564 99
49780 112
49992 127
50204 143
50420 159
50632 177
50844 195
51060 216
51272 238
51488 255
51700 271
51912 280
52124 280
52340 271
52556 255
52768 252
52980 231
53192 220
53412 199
53624 184
53836 159
54048 143
54260 126
54480 103
4 135
216 158
428 176
640 193
860 216
1072 231
1284 255
1496 255
1708 280
1928 280
2140 271
2352 255
2564 254
2776 240
2996 224
3208 199
3420 192
3632 167
3844 145
4064 127
4276 103
4488 96
4700 88
4912 88
5132 96
5344 103
5556 120
5768 127
5988 152
6200 167
6412 188
6624 199
6836 224
7056 248
7268 255
7480 280
7692 280
7904 280
8124 255
8336 255
8548 248
8760 227
8972 211
9192 192
9404 176
9616 156
9828 127
10040 120
10256 97
10472 88
10684 88
10896 92
11112 97
11324 112
11540 124
11752 135
11964 158
12180 176
12392 193
12604 216
12820 231
13032 254
13248 255
13460 280
13672 280
13884 271
14100 255
14316 252
14528 238
14740 224
14952 199
15164 184
15384 163
15596 143
15808 127
16020 103
16240 96
16452 88
16664 88
16876 96
17088 103
17308 120
17520 127
17732 152
17944 167
18156 192
18376 207
18588 225
18800 248
19012 255
19224 280
19440 280
19656 275
19868 255
20080 255
20292 241
20508 227
20724 207
20936 192
21148 176
21364 156
21576 127
21788 113
22004 96
22216 88
22432 88
22644 92
22856 97
23068 112
23284 126
23500 143
23712 159
23924 177
24136 195
24348 216
24568 238
24780 255
24992 271
25204 280
25424 280
25636 271
25848 255
26060 252
26272 240
26492 224
26704 199
26916 184
27128 163
27340 143
27560 126
27772 103
27984 92
28196 88
28408 88
28628 96
28840 103
29052 120
29264 127
29476 152
29696 167
29908 192
30120 207
30332 225
30552 248
30764 255
30976 280
31188 280
31400 280
31620 255
31832 255
32044 243
32256 227
32468 207
32684 192
32900 176
33112 152
33324 127
33536 112
33752 96
33968 88
34180 88
34392 92
34604 97
34820 112
35032 126
35248 143
35460 159
35676 177
35888 195
36100 216
36312 238
36528 255
36744 271
36956 280
37168 280
37380 271
37592 255
37812 252
38024 236
38236 220
38448 199
38660 184
38880 159
39092 143
39304 124
39516 103
39728 92
39948 88
40160 88
40372 96
40584 103
40804 120
41016 127
41228 152
41440 167
41652 192
41872 207
42084 225
42296 248
42508 255
42720 275
42940 280
43152 271
43364 255
43576 255
43788 240
44008 224
44220 207
44432 192
44644 167
44856 152
45076 127
45288 112
45500 96
45712 88
45928 88
46144 96
46356 99
46568 112
46780 127
46996 143
47208 159
47424 184
47636 199
47848 220
48064 240
48276 255
48488 271
48704 280
48916 280
49132 271
49344 255
49556 248
49768 231
49984 216
50200 199
50412 184
50624 159
50836 142
51056 120
51268 99
51480 92
51692 88
51904 88
52124 96
52336 103
52548 120
52760 127
52972 152
53192 167
53404 192
53616 207
53828 227
54040 252
54260 255
54472 280
