4 176
224 177
436 184
648 188
860 192
1072 192
1292 192
1504 192
1716 192
1928 184
2140 184
2360 176
2572 176
2784 176
2996 176
3212 177
3428 184
3640 184
3852 192
4064 192
4280 192
4496 192
4708 192
4920 184
5132 184
5348 177
5560 176
5776 176
5988 176
6200 177
6416 184
6628 184
6840 192
7056 192
7268 192
7484 192
7696 192
7908 188
8120 184
8340 177
8552 176
8764 176
8976 176
9188 177
9408 184
9620 184
9832 192
10044 192
10256 192
10476 192
10688 192
10900 192
11112 184
11324 177
11544 176
11756 176
11968 176
12180 176
12400 179
12612 184
12824 192
13036 192
13248 192
13468 192
13680 192
13892 192
14104 184
14316 184
14536 176
14748 176
14960 176
15172 176
15384 177
15604 184
15816 188
16028 192
16240 192
16452 192
16672 192
16884 192
17096 184
17308 184
17524 176
17740 176
17952 176
18164 176
18376 177
18592 184
18804 184
19020 192
19232 192
19444 192
19660 192
19872 192
20084 184
20300 184
20512 177
20728 176
20940 176
21152 176
21364 177
21580 184
21796 184
22008 192
22220 192
22432 192
22652 192
22864 192
23076 188
23288 184
23500 177
23720 176
23932 176
24144 176
24356 177
24568 179
24788 184
25000 192
25212 192
25424 192
25636 192
25856 192
26068 192
26280 184
26492 177
26704 176
26924 176
27136 176
27348 176
27560 179
27780 184
27992 192
28204 192
28416 192
28628 192
28848 192
29060 192
29272 184
29484 184
29696 176
29916 176
30128 176
30340 176
30552 177
30764 184
30980 188
31196 192
31408 192
31620 192
31832 192
32048 192
32260 184
32476 184
32688 176
32904 176
33116 176
33328 176
33540 176
33756 184
33972 188
34184 192
34396 192
34608 192
34820 192
35040 192
35252 184
35464 184
35676 177
35888 176
36108 176
36320 176
36532 177
36744 184
36956 184
37176 192
37388 192
37600 192
37812 192
38032 192
38244 188
38456 184
38668 177
38880 176
39100 176
39312 176
39524 177
39736 184
39948 184
40164 192
40380 192
40592 192
40804 192
41016 192
41232 192
41444 184
41660 177
41872 176
42084 176
42300 176
42512 176
42724 179
42940 184
43156 192
43368 192
43580 192
43792 192
44004 192
44224 192
44436 184
44648 179
44860 176
45072 176
45292 176
45504 176
45716 177
45928 184
46140 188
46360 192
46572 192
46784 192
46996 192
47216 192
47428 184
47640 184
47852 177
48064 176
48284 176
48496 176
48708 177
48920 184
49132 184
49352 192
49564 192
49776 192
49988 192
50200 192
50420 184
50632 184
50844 177
51056 176
51268 176
51488 176
51700 177
51912 184
52124 184
52340 192
52556 192
52768 192
52980 192
53192 192
53408 188
53624 184
53836 177
54048 176
54260 176
54476 176
4 192
220 192
432 192
644 184
860 184
1072 176
1288 176
1500 176
1712 176
1924 177
2140 184
2356 192
2568 192
2780 192
2992 192
3204 192
3424 192
3636 184
3848 184
4060 177
4280 176
4492 176
4704 176
4916 177
5128 184
5348 188
5560 192
5772 192
5984 192
6196 192
6416 192
6628 188
6840 184
7052 177
7264 176
7484 176
7696 176
7908 177
8120 184
8332 184
8552 192
8764 192
8976 192
9188 192
9408 192
9620 188
9832 184
10044 177
10256 176
10476 176
10688 176
10900 177
11112 184
11324 184
11540 192
11756 192
11968 192
12180 192
12392 192
12608 192
12824 184
13036 177
13248 176
13460 176
13676 176
13888 176
14104 184
14316 184
14532 192
14744 192
14956 192
15168 192
15384 192
15600 192
15812 184
16024 184
16236 176
16448 176
16668 176
16880 176
17092 177
17304 184
17516 192
17736 192
17948 192
18160 192
18372 192
18584 192
18804 184
19016 177
19228 176
19440 176
19660 176
19872 176
20084 177
20296 184
20508 188
20728 192
20940 192
21152 192
21364 192
21576 192
21796 188
22008 184
22220 177
22432 176
22644 176
22864 176
23076 177
23288 184
23500 184
23712 192
23932 192
24144 192
24356 192
24568 192
24784 188
25000 184
25212 177
25424 176
25636 176
25852 176
26064 177
26280 184
26492 184
26704 192
26920 192
27132 192
27344 192
27560 192
27772 192
27988 184
28200 177
28412 176
28624 176
28840 176
29056 176
29268 184
29480 184
29692 192
29912 192
30124 192
30336 192
30548 192
30760 192
30980 184
31192 184
31404 176
31616 176
31828 176
32048 176
32260 179
32472 184
32684 192
32896 192
33116 192
33328 192
33540 192
33752 192
33964 184
34184 184
34396 176
34608 176
34820 176
35036 176
35248 177
35464 184
35676 188
35888 192
36104 192
36316 192
36528 192
36744 192
36956 184
37172 184
37384 177
37596 176
37808 176
38024 176
38240 177
38452 184
38664 184
38876 192
39096 192
39308 192
39520 192
39732 192
39944 188
40164 184
40376 177
40588 176
40800 176
41012 176
41232 176
41444 184
41656 184
41868 192
42080 192
42300 192
42512 192
42724 192
42936 188
43148 184
43368 177
43580 176
43792 176
44004 176
44224 176
44436 177
44648 184
44860 192
45072 192
45292 192
45504 192
45716 192
45928 192
46140 184
46360 184
46572 176
46784 176
46996 176
47208 176
47424 177
47640 184
47852 192
48064 192
48276 192
48492 192
48708 192
48920 192
49132 184
49348 177
49560 176
49772 176
49988 176
50200 176
50416 177
50628 184
50840 192
51052 192
51268 192
51484 192
51696 192
51908 192
52120 184
52332 184
52552 177
52764 176
52976 176
53188 176
53400 177
53620 184
53832 184
54044 192
54256 192
54476 192
4 176
216 176
432 176
644 179
856 184
1072 192
1288 192
1500 192
1712 192
1924 192
2136 192
2356 184
2568 179
2780 177
2992 176
3204 176
3424 176
3636 179
3848 184
4060 192
4272 192
4492 192
4704 192
4916 192
5128 192
5340 184
5560 184
5772 177
5984 176
6196 176
6416 176
6628 177
6840 184
7052 188
7264 192
7484 192
7696 192
7908 192
8120 192
8332 184
8552 184
8764 177
8976 176
9188 176
9400 176
9620 177
9832 184
10044 184
10256 192
10468 192
10688 192
10900 192
11112 192
11324 188
11540 184
11756 177
11968 176
12180 176
12392 176
12608 176
12820 179
13036 184
13248 192
13460 192
13676 192
13888 192
14100 192
14316 192
14528 184
14744 177
14956 176
15168 176
15380 176
15596 176
15812 179
16024 184
16236 192
16448 192
16668 192
16880 192
17092 192
17304 192
17516 184
17736 179
17948 176
18160 176
18372 176
18584 176
18804 177
19016 184
19228 192
19440 192
19652 192
19872 192
20084 192
20296 192
20508 184
20728 184
20940 176
21152 176
21364 176
21576 176
21796 177
22008 184
22220 184
22432 192
22644 192
22864 192
23076 192
23288 192
23500 184
23712 184
23932 177
24144 176
24356 176
24568 176
24780 177
24996 184
25212 184
25424 192
25636 192
25852 192
26064 192
26280 192
26492 184
26704 184
26920 176
27132 176
27344 176
27560 176
27772 176
27988 184
28200 184
28412 192
28624 192
28840 192
29056 192
29268 192
29480 192
29692 184
29904 179
30124 176
30336 176
30548 176
30760 176
30980 184
31192 184
31404 192
31616 192
31828 192
32048 192
32260 192
32472 192
32684 184
32896 184
33116 176
33328 176
33540 176
33752 176
33964 177
34184 184
34396 192
34608 192
34820 192
35032 192
35252 192
35464 192
35676 184
35888 184
36108 176
36320 176
36532 176
36744 176
36956 177
37176 184
37388 184
37600 192
37812 192
38024 192
38240 192
38456 192
38668 184
38880 184
39092 177
39308 176
39524 176
39736 176
39948 177
40160 184
40376 184
40588 192
40804 192
41016 192
41232 192
41444 192
41656 188
41868 184
42084 179
42300 176
42512 176
42724 176
42936 177
43148 184
43368 184
43580 192
43792 192
44004 192
44216 192
44436 192
44648 192
44860 184
45072 177
45284 176
45504 176
45716 176
45928 177
46140 179
46360 184
46572 192
46784 192
46996 192
47208 192
47428 192
47640 192
47852 184
48064 179
48276 176
48496 176
48708 176
48920 176
49132 179
49344 184
49564 192
49776 192
49988 192
50200 192
50412 192
50632 192
50844 184
51056 184
51268 176
51484 176
51700 176
51912 176
52124 177
52336 184
52552 188
52764 192
52980 192
53192 192
53404 192
53620 192
53832 184
54044 184
54260 177
54472 176
4 192
216 192
436 192
648 192
860 192
1072 184
1284 179
1504 176
1716 176
1928 176
2140 176
2360 177
2572 184
2784 192
2996 192
3208 192
3428 192
3640 192
3852 192
4064 184
4276 184
4496 176
4708 176
4920 176
5132 176
5344 177
5564 184
5776 188
5988 192
6200 192
6412 192
6632 192
6844 192
7056 184
7268 184
7484 177
7700 176
7912 176
8124 176
8336 177
8552 184
8768 184
8980 192
9192 192
9404 192
9620 192
9832 192
10048 188
10260 184
10472 177
10688 176
10900 176
11112 176
11328 177
11540 184
11756 184
11968 192
12180 192
12392 192
12612 192
12824 192
13036 192
13248 184
13460 177
13680 176
13892 176
14104 176
14316 176
14528 179
14748 184
14960 192
15172 192
15384 192
15596 192
15816 192
16028 192
16240 184
16452 179
16664 176
16884 176
17096 176
17308 176
17520 179
17740 184
17952 192
18164 192
18376 192
18588 192
18808 192
19020 192
19232 184
19444 184
19656 176
19876 176
20088 176
20300 176
20512 177
20724 184
20944 188
21156 192
21368 192
21580 192
21792 192
22008 192
22224 184
22436 184
22648 176
22864 176
23076 176
23292 176
23504 177
23716 184
23932 184
24144 192
24356 192
24572 192
24784 192
25000 192
25212 188
25424 184
25636 177
25852 176
26068 176
26280 176
26492 176
26704 184
26916 184
27136 192
27348 192
27560 192
27772 192
27992 192
28204 192
28416 184
28628 177
28840 176
29060 176
29272 176
29484 176
29696 184
29908 184
30124 192
30340 192
30552 192
30764 192
30976 192
31192 192
31408 184
31620 177
31832 176
32044 176
32260 176
32472 176
32688 179
32900 184
33116 192
33328 192
33540 192
33752 192
33968 192
34184 192
34396 184
34608 184
34820 176
35032 176
35252 176
35464 176
35676 177
35888 184
36100 188
36320 192
36532 192
36744 192
36956 192
37176 192
37388 184
37600 184
37812 176
38024 176
38244 176
38456 176
38668 177
38880 184
39092 184
39312 192
39524 192
39736 192
39948 192
40160 192
40380 188
40592 184
40804 177
41016 176
41228 176
41448 176
41660 177
41872 184
42084 184
42304 192
42516 192
42728 192
42940 192
43152 192
43368 192
43584 184
43796 177
44008 176
44220 176
44436 176
44652 176
44864 179
45076 184
45288 192
45504 192
45716 192
45932 192
46144 192
46356 192
46572 184
46784 179
46996 176
47212 176
47428 176
47640 176
47852 179
48064 184
48276 192
48496 192
48708 192
48920 192
49132 192
49344 192
49564 184
49776 184
49988 176
50200 176
50412 176
50632 176
50844 177
51056 184
51268 192
51480 192
51700 192
51912 192
52124 192
52336 192
52556 184
52768 184
52980 177
53192 176
53404 176
53624 176
53836 177
54048 184
54260 184
54472 192
4 177
216 176
436 176
648 176
860 176
1072 184
1284 184
1500 192
1716 192
1928 192
2140 192
2352 192
2568 192
2784 184
2996 179
3208 176
3420 176
3636 176
3848 176
4064 179
4276 184
4492 192
4704 192
4916 192
5128 192
5344 192
5560 192
5772 184
5984 184
6196 176
6408 176
6628 176
6840 176
7052 177
7264 184
7476 188
7696 192
7908 192
8120 192
8332 192
8544 192
8764 184
8976 184
9188 177
9400 176
9620 176
9832 176
10044 177
10256 184
10468 184
10688 192
10900 192
11112 192
11324 192
11536 192
11752 184
11968 184
12180 176
12392 176
12604 176
12820 176
13032 176
13244 184
13460 184
13672 192
13888 192
14100 192
14312 192
14524 192
14744 188
14956 184
15168 177
15380 176
15592 176
15812 176
16024 176
16236 184
16448 184
16660 192
16880 192
17092 192
17304 192
17516 192
17728 192
17948 184
18160 179
18372 176
18584 176
18804 176
19016 176
19228 179
19440 184
19652 192
19872 192
20084 192
20296 192
20508 192
20720 192
20940 184
21152 184
21364 176
21576 176
21788 176
22008 176
22220 177
22432 184
22644 188
22856 192
23076 192
23288 192
23500 192
23712 192
23928 184
24144 184
24356 177
24568 176
24780 176
24996 176
25208 177
25424 184
25636 188
25848 192
26064 192
26276 192
26488 192
26704 192
26916 184
27132 184
27344 176
27556 176
27768 176
27984 176
28200 177
28412 184
28624 184
28836 192
29056 192
29268 192
29480 192
29692 192
29904 188
30124 184
30336 177
30548 176
30760 176
30972 176
31192 176
31404 184
31616 184
31828 192
32040 192
32260 192
32472 192
32684 192
32896 192
33108 184
33328 179
33540 176
33752 176
33964 176
34184 176
34396 184
34608 184
34820 192
35032 192
35252 192
35464 192
35676 192
35888 192
36100 184
36320 184
36532 176
36744 176
36956 176
37168 176
37384 177
37600 184
37812 188
38024 192
38236 192
38452 192
38668 192
38880 192
39092 184
39308 184
39520 177
39732 176
39948 176
40160 176
40376 177
40588 184
40800 184
41012 192
41228 192
41444 192
41656 192
41868 192
42080 184
42292 184
42512 176
42724 176
42936 176
43148 176
43360 176
43580 184
43792 184
44004 192
44216 192
44436 192
44648 192
44860 192
45072 188
45284 184
45504 177
45716 176
45928 176
46140 176
46352 177
46568 184
46784 184
46996 192
47208 192
47420 192
47636 192
47852 192
48064 192
48276 184
48488 179
48704 176
48916 176
49132 176
49344 176
49560 179
49772 184
49984 192
50196 192
50412 192
50628 192
50840 192
51052 192
51264 184
51476 184
51696 176
51908 176
52120 176
52332 176
52544 177
52764 184
52976 192
53188 192
53400 192
53620 192
53832 192
54044 192
54256 184
54468 184
8 184
220 192
436 192
648 192
860 192
1076 192
1288 192
1504 184
1716 184
1928 176
2140 176
2356 176
2572 176
2784 177
2996 184
3208 192
3420 192
3640 192
3852 192
4064 192
4276 192
4488 184
4708 184
4920 176
5132 176
5344 176
5564 176
5776 177
5988 184
6200 184
6412 192
6632 192
6844 192
7056 192
7268 192
7480 184
7700 184
7912 177
8124 176
8336 176
8548 176
8768 177
8980 184
9192 184
9404 192
9616 192
9836 192
10048 192
10260 192
10472 188
10692 184
10904 177
11116 176
11328 176
11540 176
11756 177
11972 184
12184 184
12396 192
12608 192
12824 192
13040 192
13252 192
13464 192
13676 184
13892 177
14104 176
14320 176
14532 176
14744 176
14960 184
15172 184
15384 192
15600 192
15816 192
16028 192
16240 192
16452 192
16664 184
16884 179
17096 176
17308 176
17520 176
17732 176
17952 179
18164 184
18376 192
18588 192
18800 192
19020 192
19232 192
19444 192
19656 184
19868 184
20088 176
20300 176
20512 176
20724 176
20944 177
21156 184
21368 188
21580 192
21792 192
22012 192
22224 192
22436 192
22648 184
22860 184
23080 177
23292 176
23504 176
23716 176
23928 177
24148 184
24360 184
24572 192
24784 192
24996 192
25216 192
25428 192
25640 188
25852 184
26068 177
26284 176
26496 176
26708 176
26920 176
27136 184
27348 184
27564 192
27776 192
27988 192
28204 192
28416 192
28628 192
28844 184
29056 179
29272 176
29484 176
29696 176
29908 176
30124 184
30340 184
30552 192
30764 192
30976 192
31196 192
31408 192
31620 192
31832 184
32044 179
32264 176
32476 176
32688 176
32900 176
33112 179
33332 184
33544 192
33756 192
33968 192
34180 192
34400 192
34612 192
34824 184
35036 184
35256 177
35468 176
35680 176
35892 176
36104 177
36324 184
36536 188
36748 192
36960 192
37172 192
37392 192
37604 192
37816 184
38028 184
38240 177
38460 176
38672 176
38884 176
39096 177
39308 184
39524 184
39740 192
39952 192
40164 192
40380 192
40592 192
40804 188
41020 184
41232 177
41448 176
41660 176
41872 176
42084 176
42300 184
42516 184
42728 192
42940 192
43152 192
43364 192
43584 192
43796 192
44008 184
44220 179
44432 176
44652 176
44864 176
45076 176
45288 179
45508 184
45720 192
45932 192
46144 192
46356 192
46576 192
46788 192
47000 184
47212 179
47424 176
47644 176
47856 176
48068 176
48280 179
48492 184
48712 192
48924 192
49136 192
49348 192
49560 192
49780 192
49992 184
50204 184
50416 176
50636 176
50848 176
51060 176
51272 177
51484 184
51700 192
51916 192
52128 192
52340 192
52552 192
52768 192
52984 184
53196 184
53408 176
53620 176
53836 176
54048 176
54264 176
54476 184
4 192
216 184
428 177
644 176
856 176
1068 176
1284 176
1496 179
1712 184
1924 192
2136 192
2348 192
2568 192
2780 192
2992 192
3204 184
3416 184
3636 176
3848 176
4060 176
4272 176
4484 179
4704 184
4916 188
5128 192
5340 192
5552 192
5772 192
5984 192
6196 184
6408 184
6620 177
6840 176
7052 176
7264 176
7476 177
7696 184
7908 184
8120 192
8332 192
8544 192
8764 192
8976 192
9188 188
9400 184
9612 177
9832 176
10044 176
10256 176
10468 177
10680 184
10900 184
11112 192
11324 192
11536 192
11748 192
11968 192
12180 192
12392 184
12604 177
12820 176
13032 176
13248 176
13460 176
13672 179
13888 184
14100 192
14312 192
14528 192
14740 192
14956 192
15168 192
15380 184
15592 177
15808 177
16024 176
16236 176
16448 176
16660 179
16880 184
17092 192
17304 192
17516 192
17728 192
17948 192
18160 192
18372 184
18584 184
18796 176
19016 176
19228 176
19440 176
19652 179
19864 184
20084 188
20296 192
20508 192
20720 192
20932 192
21152 192
21364 184
21576 184
21788 177
22008 176
22220 176
22432 176
22644 177
22856 184
23076 184
23288 192
23500 192
23712 192
23924 192
24144 192
24356 188
24568 184
24780 177
24992 176
25208 176
25424 176
25636 177
25848 184
26060 184
26276 192
26488 192
26704 192
26916 192
27132 192
27344 188
27556 184
27768 177
27984 176
28200 176
28412 176
28624 176
28836 179
29048 184
29268 192
29480 192
29692 192
29904 192
30116 192
30336 192
30548 184
30760 177
30972 176
31184 176
31404 176
31616 176
31828 177
32040 184
32260 192
32472 192
32684 192
32896 192
33108 192
33328 192
33540 184
33752 184
33964 176
34176 176
34396 176
34608 176
34820 179
35032 184
35244 188
35464 192
35676 192
35888 192
36100 192
36312 192
36532 184
36744 184
36956 176
37168 176
37384 176
37600 176
37812 177
38024 184
38236 188
38452 192
38668 192
38880 192
39092 192
39304 192
39520 188
39732 184
39948 177
40160 176
40372 176
40588 176
40800 177
41012 184
41228 184
41440 192
41656 192
41868 192
42080 192
42292 192
42512 192
42724 184
42936 177
43148 176
43360 176
43580 176
43792 176
44004 184
44216 184
44428 192
44648 192
44860 192
45072 192
45284 192
45496 192
45716 184
45928 177
46140 176
46352 176
46564 176
46784 176
46996 179
47208 184
47420 192
47636 192
47852 192
48064 192
48276 192
48488 192
48704 184
48916 184
49132 176
49344 176
49556 176
49772 176
49984 177
50196 184
50412 188
50624 192
50840 192
51052 192
51264 192
51476 192
51696 184
51908 184
52120 177
52332 176
52544 176
52764 176
52976 177
53188 184
53400 188
53612 192
53832 192
54044 192
54256 192
54468 192
4 176
216 179
428 184
648 192
860 192
1072 192
1284 192
1496 192
1716 192
1928 184
2140 184
2352 176
2564 176
2784 176
2996 176
3208 177
3420 184
3632 184
3848 192
4060 192
4272 192
4484 192
4704 192
4916 184
5128 184
5340 176
5552 176
5772 176
5984 176
6196 177
6408 184
6620 184
6840 192
7052 192
7264 192
7476 192
7688 192
7904 184
8120 184
8332 177
8544 176
8756 176
8972 176
9184 176
9400 179
9612 184
9828 192
10040 192
10252 192
10464 192
10680 192
10896 188
11108 184
11320 179
11532 176
11744 176
11964 176
12176 176
12388 184
12600 184
12812 192
13032 192
13244 192
13456 192
13668 192
13888 192
14100 184
14312 179
14524 176
14736 176
14956 176
15168 176
15380 179
15592 184
15804 192
16024 192
16236 192
16448 192
16660 192
16872 192
17092 184
17304 184
17516 177
17728 176
17940 176
18160 176
18372 177
18584 184
18796 192
19016 192
19228 192
19440 192
19652 192
19864 192
20080 184
20296 184
20508 177
20720 176
20932 176
21148 176
21364 177
21576 184
21788 184
22000 192
22216 192
22428 192
22644 192
22856 192
23068 188
23284 184
23496 177
23708 176
23924 176
24140 176
24352 177
24564 184
24776 184
24988 192
25208 192
25420 192
25632 192
25844 192
26056 188
26276 184
26488 177
26700 176
26912 176
27124 176
27344 176
27556 184
27768 184
27980 192
28192 192
28412 192
28624 192
28836 192
29048 192
29268 184
29480 179
29692 176
29904 176
30116 176
30336 176
30548 179
30760 184
30972 192
31184 192
31404 192
31616 192
31828 192
32040 192
32252 184
32472 184
32684 176
32896 176
33108 176
33320 176
33540 177
33752 184
33964 184
34176 192
34392 192
34608 192
34820 192
35032 192
35244 184
35460 184
35672 176
35888 176
36100 176
36312 176
36528 177
36740 184
36952 184
37168 192
37380 192
37596 192
37808 192
38020 192
38232 188
38448 184
38664 177
38876 176
39088 176
39300 176
39520 177
39732 184
39944 184
40156 192
40368 192
40588 192
40800 192
41012 192
41224 192
41436 184
41656 177
41868 176
42080 176
42292 176
42504 176
42724 184
42936 184
43148 192
43360 192
43572 192
43792 192
44004 192
44216 192
44428 184
44644 179
44856 176
45072 176
45284 176
45496 176
45712 179
45924 184
46136 192
46352 192
46564 192
46780 192
46992 192
47204 192
47416 184
47632 184
47848 176
48060 176
48272 176
48484 176
48704 177
48916 184
49128 192
49340 192
49552 192
49772 192
49984 192
50196 192
50408 184
50620 184
50840 177
51052 176
51264 176
51476 176
51688 177
51908 184
52120 184
52332 192
52544 192
52756 192
52976 192
53188 192
53400 188
53612 184
53832 177
54044 176
54256 176
54468 176
4 192
216 192
428 192
640 184
860 184
1072 176
1284 176
1496 176
1716 176
1928 177
2140 184
2352 188
2564 192
2784 192
2996 192
3208 192
3420 192
3632 184
3852 184
4064 177
4276 176
4488 176
4700 176
4916 177
5132 184
5344 188
5556 192
5772 192
5984 192
6200 192
6412 192
6624 188
6840 184
7052 177
7264 176
7480 176
7692 176
7908 177
8120 184
8332 184
8544 192
8760 192
8976 192
9188 192
9400 192
9612 192
9824 184
10044 177
10256 176
10468 176
10680 176
10900 176
11112 184
11324 184
11536 192
11748 192
11968 192
12180 192
12392 192
12604 192
12816 184
13036 179
13248 176
13460 176
13672 176
13884 176
14104 177
14316 184
14528 192
14740 192
14952 192
15172 192
15384 192
15596 192
15808 184
16028 184
16240 176
16452 176
16664 176
16876 176
17096 177
17308 184
17520 188
17732 192
17944 192
18160 192
18376 192
18588 192
18800 184
19012 184
19228 177
19444 176
19656 176
19868 176
20080 177
20296 184
20508 184
20724 192
20936 192
21152 192
21364 192
21576 192
21788 188
22004 184
22220 177
22432 176
22644 176
22856 176
23068 177
23288 184
23500 184
23712 192
23924 192
24136 192
24356 192
24568 192
24780 192
24992 184
25204 177
25424 176
25636 176
25848 176
26060 176
26280 184
26492 184
26704 192
26916 192
27128 192
27348 192
27560 192
27772 192
27984 184
28196 179
28416 176
28628 176
28840 176
29052 176
29264 179
29484 184
29696 192
29908 192
30120 192
30332 192
30552 192
30764 192
30976 184
31188 184
31404 176
31620 176
31832 176
32044 176
32256 177
32472 184
32688 188
32900 192
33112 192
33324 192
33540 192
33752 192
33968 184
34180 184
34392 177
34608 176
34820 176
35032 176
35248 177
35460 184
35676 188
35888 192
36100 192
36312 192
36532 192
36744 192
36956 184
37168 184
37380 177
37600 176
37812 176
38024 176
38236 177
38448 184
38668 184
38880 192
39092 192
39304 192
39516 192
39736 192
39948 192
40160 184
40372 177
40592 176
40804 176
41016 176
41228 176
41440 179
41660 184
41872 192
42084 192
42296 192
42508 192
42728 192
42940 192
43152 184
43364 177
43576 176
43796 176
44008 176
44220 176
44432 179
44644 184
44860 192
45076 192
45288 192
45500 192
45716 192
45928 192
46144 184
46356 184
46568 176
46784 176
46996 176
47208 176
47424 179
47636 184
47852 188
48064 192
48276 192
48488 192
48704 192
48920 192
49132 184
49344 184
49556 177
49768 176
49988 176
50200 176
50412 177
50624 184
50844 188
51056 192
51268 192
51480 192
51692 192
51912 192
52124 188
52336 184
52548 177
52760 176
52980 176
53192 176
53404 177
53616 184
53828 184
54048 192
54260 192
54472 192
4 176
216 176
428 176
640 177
860 184
1072 192
1284 192
1496 192
1708 192
1928 192
2140 192
2352 184
2564 184
2784 176
2996 176
3208 176
3420 176
3632 177
3852 184
4064 188
4276 192
4488 192
4700 192
4920 192
5132 192
5344 184
5556 184
5768 177
5988 176
6200 176
6412 176
6624 177
6836 184
7056 184
7268 192
7480 192
7692 192
7908 192
8124 192
8336 184
8548 184
8760 177
8976 176
9192 176
9404 176
9616 176
9828 184
10044 184
10256 192
10472 192
10684 192
10896 192
11112 192
11324 192
11536 184
11752 177
11964 176
12180 176
12392 176
12604 176
12816 179
13036 184
13248 192
13460 192
13672 192
13884 192
14104 192
14316 188
14528 184
14740 177
14952 176
15172 176
15384 176
15596 176
15808 177
16020 184
16240 192
16452 192
16664 192
16876 192
17088 192
17308 192
17520 184
17732 184
17944 177
18164 176
18376 176
18588 176
18800 177
19012 184
19232 184
19444 192
19656 192
19868 192
20080 192
20300 192
20512 184
20724 184
20936 177
21148 176
21368 176
21580 176
21792 177
22004 184
22220 184
22432 192
22648 192
22860 192
23072 192
23288 192
23500 188
23712 184
23928 177
24140 176
24356 176
24568 176
24780 177
24992 184
25208 184
25424 192
25636 192
25848 192
26060 192
26272 192
26492 188
26704 184
26916 177
27128 176
27348 176
27560 176
27772 176
27984 179
28196 184
28416 192
28628 192
28840 192
29052 192
29264 192
29484 192
29696 184
29908 179
30120 176
30332 176
30552 176
30764 176
30976 177
31188 184
31400 192
31620 192
31832 192
32044 192
32256 192
32476 192
32688 184
32900 184
33112 176
33324 176
33544 176
33756 176
33968 177
34180 184
34392 192
34608 192
34824 192
35036 192
35248 192
35460 192
35676 184
35892 184
36104 177
36316 176
36528 176
36744 176
36956 177
37172 184
37384 188
37600 192
37812 192
38024 192
38236 192
38452 192
38668 188
38880 184
39092 177
39304 176
39516 176
39736 176
39948 177
40160 184
40372 184
40584 192
40804 192
41016 192
41228 192
41440 192
41652 192
41872 184
42084 177
42296 176
42508 176
42728 176
42940 176
43152 184
43364 184
43576 192
43796 192
44008 192
44220 192
44432 192
44644 192
44864 184
45076 179
45288 176
45500 176
45712 176
45932 176
46144 179
46356 184
46568 192
46780 192
47000 192
47212 192
47424 192
47636 192
47852 184
48068 184
48280 176
48492 176
48704 176
48920 176
49136 177
49348 184
49560 188
49772 192
49988 192
50200 192
50416 192
50628 192
50840 184
51056 184
51268 177
51480 176
51696 176
51908 176
52124 177
52336 184
52548 188
52760 192
52980 192
53192 192
53404 192
53616 192
53828 188
54048 184
54260 177
54472 176
