4 252
224 231
436 216
648 193
860 167
1072 143
1292 120
1504 103
1716 99
1928 103
2140 120
2356 127
2572 152
2784 176
2996 195
3208 224
3424 248
3636 255
3848 255
4060 255
4280 248
4492 231
4704 216
4916 192
5128 167
5348 142
5560 120
5772 103
5984 103
6196 103
6416 120
6628 127
6840 156
7052 176
7264 199
7480 225
7696 252
7908 255
8120 255
8332 255
8548 248
8764 227
8976 207
9188 192
9404 159
9616 135
9828 113
10044 103
10256 103
10472 112
10684 124
10896 135
11108 159
11324 184
11540 207
11752 231
11964 255
12176 255
12388 255
12608 255
12820 243
13032 225
13244 207
13464 184
13676 159
13888 127
14100 112
14312 103
14532 103
14744 112
14956 126
15168 142
15380 159
15600 188
15812 207
16024 231
16236 255
16448 255
16668 255
16880 255
17092 240
17304 224
17516 199
17736 177
17948 156
18160 127
18372 112
18592 99
18804 103
19016 112
19228 127
19440 143
19656 163
19872 192
20084 216
20296 240
20508 255
20724 255
20940 255
21152 254
21364 240
21576 224
21792 199
22004 176
22220 152
22432 127
22644 103
22860 99
23072 103
23284 113
23500 127
23716 152
23928 167
24140 192
24352 220
24564 243
24784 255
24996 255
25208 255
25420 252
25632 236
25852 216
26064 193
26276 167
26488 143
26700 124
26920 103
27132 99
27344 103
27556 120
27768 127
27988 152
28200 176
28412 195
28624 224
28844 248
29056 255
29268 255
29480 255
29692 248
29912 231
30124 216
30336 192
30548 167
30760 143
30980 120
31192 103
31404 99
31616 103
31828 120
32048 127
32260 156
32472 176
32684 199
32896 225
33116 252
33328 255
33540 255
33752 255
33968 248
34184 227
34396 207
34608 192
34820 163
35036 135
35248 115
35464 103
35676 103
35888 110
36104 120
36316 135
36528 158
36744 184
36956 199
37172 231
37384 254
37596 255
37808 255
38024 255
38240 248
38452 225
38664 207
38876 184
39096 159
39308 127
39520 112
39732 103
39944 103
40164 112
40376 124
40588 142
40800 159
41012 184
41232 207
41444 231
41656 255
41868 255
42080 255
42300 255
42512 240
42724 224
42936 199
43148 179
43368 156
43580 127
43792 112
44004 103
44220 103
44432 112
44648 127
44860 143
45072 163
45288 192
45500 216
45712 240
45928 255
46140 255
46356 255
46568 255
46780 240
46992 224
47208 199
47424 176
47636 152
47848 127
48060 110
48280 99
48492 103
48704 112
48916 127
49128 143
49348 167
49560 192
49772 216
49984 241
50196 255
50416 255
50628 255
50840 252
51052 240
51264 220
51484 195
51696 174
51908 147
52120 124
52332 103
52552 99
52764 103
52976 115
53188 127
53408 152
53620 167
53832 195
54044 224
54256 248
54476 255
4 224
216 248
436 255
648 255
860 255
1072 248
1284 231
1504 216
1716 192
1928 167
2140 143
2352 120
2572 103
2784 99
2996 103
3208 120
3428 127
3640 156
3852 176
4064 199
4276 225
4496 252
4708 255
4920 255
5132 255
5344 248
5564 227
5776 207
5988 192
6200 159
6412 135
6628 113
6844 103
7056 99
7268 112
7480 120
7696 135
7908 159
8124 184
8336 206
8552 231
8764 254
8976 255
9188 255
9404 255
9620 243
9832 225
10044 207
10256 184
10468 159
10688 127
10900 112
11112 103
11324 103
11536 112
11756 124
11968 142
12180 159
12392 184
12604 207
12824 231
13036 255
13248 255
13460 255
13680 255
13892 240
14104 224
14316 199
14528 184
14748 156
14960 127
15172 112
15384 99
15596 103
15812 112
16028 127
16240 143
16452 163
16664 192
16880 216
17092 240
17308 255
17520 255
17732 255
17948 254
18160 240
18372 224
18588 199
18804 176
19016 152
19228 127
19440 110
19652 99
19872 103
20084 113
20296 127
20508 143
20720 167
20940 192
21152 216
21364 241
21576 255
21788 255
22008 255
22220 252
22432 231
22644 216
22864 193
23076 167
23288 147
23500 124
23712 103
23932 99
24144 103
24356 115
24568 127
24780 152
25000 174
25212 195
25424 224
25636 248
25848 255
26068 255
26280 255
26492 252
26704 231
26916 216
27136 192
27348 167
27560 143
27772 120
27988 103
28204 99
28416 103
28628 120
28840 127
29056 156
29272 176
29484 199
29696 224
29908 248
30124 255
30336 255
30552 255
30764 248
30976 231
31192 207
31404 192
31616 163
31832 142
32044 120
32260 103
32472 99
32684 103
32896 120
33116 135
33328 158
33540 179
33752 199
33964 227
34184 254
34396 255
34608 255
34820 255
35032 248
35252 227
35464 207
35676 188
35888 159
36100 127
36320 112
36532 103
36744 103
36956 112
37168 124
37388 135
37600 159
37812 184
38024 207
38244 231
38456 255
38668 255
38880 255
39092 255
39312 241
39524 224
39736 199
39948 184
40160 159
40380 127
40592 112
40804 99
41016 103
41228 112
41448 126
41660 143
41872 159
42084 192
42296 207
42512 240
42728 255
42940 255
43152 255
43368 255
43580 240
43796 224
44008 199
44220 177
44436 152
44648 127
44860 112
45076 99
45288 103
45504 112
45716 127
45928 143
46140 167
46356 192
46572 216
46784 240
46996 255
47208 255
47420 255
47640 252
47852 240
48064 220
48276 195
48496 176
48708 152
48920 124
49132 103
49344 99
49564 103
49776 113
49988 127
50200 152
50412 167
50632 193
50844 220
51056 248
51268 255
51480 255
51696 255
51912 252
52124 231
52336 216
52548 192
52764 167
52976 143
53192 120
53404 103
53620 99
53832 103
54044 120
54256 127
54472 152
4 112
220 127
432 143
648 167
860 192
1072 216
1284 240
1496 255
1716 255
1928 255
2140 252
2352 240
2564 220
2784 195
2996 176
3208 152
3420 124
3632 103
3852 99
4064 103
4276 115
4488 127
4708 152
4920 167
5132 193
5344 220
5556 248
5776 255
5988 255
6200 255
6412 252
6624 231
6844 216
7056 192
7268 167
7480 143
7692 120
7912 103
8124 103
8336 103
8548 120
8760 127
8980 152
9192 176
9404 199
9616 224
9832 248
10048 255
10260 255
10472 255
10684 248
10900 231
11112 207
11328 192
11540 163
11752 142
11968 120
12180 103
12392 99
12608 103
12820 120
13036 127
13248 158
13460 177
13672 199
13892 227
14104 252
14316 255
14528 255
14740 255
14960 248
15172 227
15384 207
15596 192
15808 159
16028 127
16240 112
16452 103
16664 103
16876 112
17096 124
17308 135
17520 159
17732 184
17944 207
18164 231
18376 255
18588 255
18800 255
19020 255
19232 241
19444 225
19656 206
19868 184
20088 159
20300 127
20512 112
20724 103
20936 103
21156 112
21368 126
21580 143
21792 159
22004 188
22224 207
22436 236
22648 255
22860 255
23072 255
23288 255
23504 240
23716 224
23928 199
24144 177
24356 156
24572 127
24784 112
24996 99
25212 103
25424 112
25636 127
25852 143
26064 163
26280 192
26492 216
26704 240
26916 255
27132 255
27348 255
27560 254
27772 240
27984 224
28196 199
28416 176
28628 152
28840 126
29052 103
29272 99
29484 103
29696 113
29908 127
30120 152
30340 167
30552 192
30764 220
30976 248
31188 255
31408 255
31620 255
31832 252
32044 231
32256 216
32476 193
32688 167
32900 143
33112 120
33324 103
33544 99
33756 103
33968 120
34180 127
34400 152
34612 176
34824 195
35036 224
35248 248
35468 255
35680 255
35892 255
36104 248
36316 231
36532 216
36748 192
36960 167
37172 143
37384 120
37600 103
37816 99
38028 103
38240 120
38452 127
38668 156
38880 176
39092 199
39304 225
39524 252
39736 255
39948 255
40160 255
40372 248
40592 227
40804 207
41016 192
41228 159
41440 135
41656 113
41872 103
42084 99
42296 110
42508 120
42724 135
42940 159
43152 184
43364 206
43576 231
43792 254
44004 255
44220 255
44432 255
44648 243
44860 225
45072 207
45284 184
45500 159
45716 127
45928 112
46140 103
46352 103
46564 112
46784 124
46996 142
47208 159
47420 184
47632 207
47852 231
48064 255
48276 255
48488 255
48708 255
48920 240
49132 224
49344 199
49556 184
49776 156
49988 127
50200 112
50412 103
50624 103
50844 112
51056 127
51268 143
51480 163
51692 192
51912 216
52124 240
52336 255
52548 255
52760 255
52980 254
53192 240
53404 224
53616 199
53832 176
54048 152
54260 127
54472 108
4 192
216 159
428 135
640 115
860 103
1072 99
1284 103
1496 120
1708 127
1928 158
2140 179
2352 199
2564 227
2776 252
2996 255
3208 255
3420 255
3632 248
3852 225
4064 207
4276 184
4488 159
4700 127
4916 112
5132 103
5344 103
5556 112
5768 124
5984 142
6200 159
6412 184
6624 207
6836 231
7052 255
7264 255
7480 255
7692 255
7904 241
8120 224
8332 199
8544 184
8760 158
8976 127
9188 112
9400 103
9612 103
9824 112
10044 127
10256 143
10468 159
10680 192
10892 211
11112 240
11324 255
11536 255
11748 255
11960 254
12180 240
12392 224
12604 199
12816 176
13028 152
13248 127
13460 103
13672 99
13884 103
14104 112
14316 127
14528 143
14740 167
14952 192
15172 216
15384 241
15596 255
15808 255
16020 255
16240 252
16452 236
16664 220
16876 195
17088 176
17308 147
17520 124
17732 103
17944 99
18156 103
18372 115
18584 127
18796 152
19008 167
19228 193
19440 224
19652 248
19864 255
20076 255
20296 255
20508 252
20720 231
20932 216
21144 192
21364 167
21576 143
21788 120
22000 103
22212 99
22432 103
22644 120
22856 127
23068 152
23280 176
23500 199
23712 224
23924 248
24136 255
24352 255
24568 255
24780 248
24992 231
25204 216
25420 192
25632 163
25848 142
26060 120
26272 103
26488 103
26700 103
26912 120
27128 127
27340 156
27556 177
27768 199
27980 227
28192 252
28412 255
28624 255
28836 255
29048 248
29260 227
29480 207
29692 188
29904 159
30116 135
30328 113
30548 103
30760 103
30972 112
31184 124
31396 135
31616 159
31828 184
32040 207
32252 231
32464 255
32684 255
32896 255
33108 255
33320 241
33540 224
33752 206
33964 184
34176 159
34388 127
34608 112
34820 103
35032 103
35244 112
35456 126
35676 143
35888 159
36100 188
36312 207
36524 236
36744 255
36956 255
37168 255
37380 255
37592 240
37808 224
38024 199
38236 177
38448 156
38664 127
38876 112
39088 99
39304 103
39516 112
39732 127
39944 143
40156 167
40368 192
40584 216
40800 240
41012 255
41224 255
41436 255
41648 254
41868 240
42080 220
42292 199
42504 176
42716 152
42936 126
43148 103
43360 99
43572 103
43792 113
44004 127
44216 152
44428 167
44640 192
44860 220
45072 248
45284 255
45496 255
45708 255
45928 252
46140 231
46352 216
46564 193
46776 167
46996 143
47208 120
47420 103
47632 99
47844 103
48064 120
48276 127
48488 152
48700 176
48920 195
49132 224
49344 248
49556 255
49768 255
49984 255
50200 248
50412 231
50624 211
50836 192
51052 163
51268 142
51480 120
51692 103
51904 99
52120 103
52332 120
52548 127
52760 156
52972 176
53188 199
53400 225
53612 252
53824 255
54044 255
54256 255
54468 248
4 127
216 156
428 176
640 199
856 224
1072 252
1284 255
1496 255
1708 255
1920 248
2140 231
2352 207
2564 192
2776 163
2988 135
3208 115
3420 103
3632 103
3844 110
4064 120
4276 135
4488 158
4700 179
4912 199
5132 227
5344 254
5556 255
5768 255
5980 255
6200 248
6412 227
6624 207
6836 184
7048 159
7268 127
7480 112
7692 103
7904 103
8116 112
8336 124
8548 135
8760 159
8972 184
9192 207
9404 231
9616 255
9828 255
10040 255
10256 255
10472 241
10684 224
10896 199
11108 184
11324 156
11540 127
11752 112
11964 99
12176 103
12392 112
12604 126
12820 143
13032 159
13244 192
13460 211
13672 240
13884 255
14096 255
14316 255
14528 255
14740 240
14952 224
15164 199
15384 176
15596 152
15808 127
16020 110
16232 103
16448 103
16664 112
16876 127
17088 143
17300 167
17516 192
17728 216
17944 240
18156 255
18368 255
18584 255
18796 252
19008 240
19224 220
19440 195
19652 176
19864 152
20076 126
20288 103
20508 99
20720 103
20932 113
21144 127
21356 152
21576 167
21788 193
22000 224
22212 248
22424 255
22644 255
22856 255
23068 252
23280 231
23500 216
23712 192
23924 167
24136 143
24348 120
24568 103
24780 99
24992 103
25204 120
25416 127
25636 152
25848 176
26060 195
26272 224
26484 248
26704 255
26916 255
27128 255
27340 248
27552 231
27772 216
27984 192
28196 167
28408 142
28624 120
28840 103
29052 99
29264 103
29476 120
29692 127
29908 156
30120 177
30332 199
30544 225
30760 252
30972 255
31188 255
31400 255
31612 248
31828 227
32040 207
32252 192
32464 159
32680 135
32896 113
33108 103
33320 103
33532 112
33752 124
33964 135
34176 159
34388 184
34600 207
34820 231
35032 255
35244 255
35456 255
35668 255
35888 241
36100 224
36312 206
36524 184
36736 159
36956 127
37168 112
37380 103
37592 103
37804 112
38024 126
38236 143
38448 159
38660 184
38880 207
39092 236
39304 255
39516 255
39728 255
39948 255
40160 240
40372 224
40584 199
40796 177
41016 156
41228 127
41440 112
41652 99
41864 103
42080 112
42296 127
42508 143
42720 163
42932 192
43148 216
43364 240
43576 255
43788 255
44004 255
44216 254
44428 240
44644 224
44856 199
45072 176
45284 152
45496 126
45708 103
45924 99
46140 103
46352 113
46564 127
46776 147
46988 167
47208 192
47420 220
47632 243
47844 255
48056 255
48276 255
48488 252
48700 231
48912 216
49132 193
49344 167
49556 143
49768 124
49980 103
50200 99
50412 103
50624 120
50836 127
51048 152
51264 176
51480 195
51692 224
51904 248
52116 255
52332 255
52548 255
52760 248
52972 231
53184 216
53400 192
53612 167
53828 143
54040 120
54256 103
54468 99
4 255
220 255
432 248
648 227
860 207
1072 188
1288 159
1500 127
1712 113
1928 103
2140 103
2356 112
2568 124
2780 135
2992 159
3208 184
3424 207
3636 231
3848 255
4060 255
4280 255
4492 255
4704 241
4916 225
5128 206
5348 184
5560 159
5772 127
5984 112
6196 103
6416 103
6628 112
6840 126
7052 143
7264 159
7484 188
7696 207
7908 231
8120 255
8340 255
8552 255
8764 255
8976 240
9188 224
9408 199
9620 177
9832 156
10044 127
10256 112
10476 103
10688 103
10900 112
11112 127
11324 143
11544 167
11756 192
11968 216
12180 240
12392 255
12608 255
12824 255
13036 254
13248 240
13464 220
13676 195
13892 176
14104 152
14316 126
14532 103
14744 99
14956 103
15172 113
15384 127
15600 152
15812 167
16024 192
16236 220
16452 241
16668 255
16880 255
17092 255
17304 252
17516 231
17736 216
17948 193
18160 167
18372 143
18592 120
18804 103
19016 99
19228 103
19440 120
19660 127
19872 152
20084 176
20296 195
20508 224
20728 248
20940 255
21152 255
21364 255
21576 248
21796 231
22008 216
22220 192
22432 167
22644 143
22864 120
23076 103
23288 99
23500 103
23720 120
23932 127
24144 156
24356 176
24568 199
24788 225
25000 252
25212 255
25424 255
25636 255
25852 248
26068 227
26280 207
26492 192
26704 159
26920 135
27132 115
27348 103
27560 99
27772 110
27988 120
28200 135
28412 158
28628 179
28844 199
29056 231
29268 254
29480 255
29692 255
29912 255
30124 248
30336 225
30548 207
30760 184
30980 159
31192 127
31404 112
31616 103
31828 103
32048 112
32260 124
32472 142
32684 159
32896 184
33116 207
33328 231
33540 255
33752 255
33972 255
34184 255
34396 240
34608 224
34820 199
35040 184
35252 156
35464 127
35676 112
35888 103
36108 103
36320 112
36532 127
36744 143
36956 163
37176 192
37388 216
37600 240
37812 255
38024 255
38244 255
38456 255
38668 240
38880 224
39096 199
39312 176
39524 152
39736 127
39948 110
40164 99
40376 103
40592 113
40804 127
41016 145
41232 167
41444 192
41656 216
41872 241
42084 255
42300 255
42512 255
42724 252
42936 240
43156 220
43368 195
43580 176
43792 147
44004 124
44224 103
44436 99
44648 103
44860 120
45072 127
45292 152
45504 167
45716 193
45928 224
46140 248
46360 255
46572 255
46784 255
46996 248
47208 231
47428 216
47640 192
47852 167
48064 143
48284 120
48496 103
48708 103
48920 103
49132 120
49352 127
49564 156
49776 176
49988 199
50200 224
50420 252
50632 255
50844 255
51056 255
51268 248
51488 231
51700 209
51912 192
52124 163
52336 142
52552 120
52768 103
52980 103
53192 103
53408 120
53620 135
53836 158
54048 177
54260 199
54476 227
4 216
216 241
432 255
648 255
860 255
1072 252
1284 238
1500 216
1712 195
1928 174
2140 147
2356 124
2568 103
2780 99
2992 103
3208 115
3424 127
3636 152
3848 174
4060 195
4272 224
4492 248
4704 255
4916 255
5128 255
5340 252
5560 231
5772 216
5984 192
6196 167
6408 143
6628 120
6840 103
7052 99
7264 103
7484 120
7696 127
7908 156
8120 176
8332 199
8552 224
8764 252
8976 255
9188 255
9400 255
9620 248
9832 231
10044 207
10256 192
10468 163
10688 135
10900 115
11112 103
11324 99
11536 103
11756 120
11968 127
12180 158
12392 177
12608 199
12824 227
13036 254
13248 255
13460 255
13676 255
13892 248
14104 227
14316 207
14528 188
14744 159
14956 127
15172 112
15384 103
15596 103
15812 112
16024 124
16236 135
16448 159
16664 184
16880 207
17092 231
17304 255
17516 255
17736 255
17948 255
18160 241
18372 224
18584 206
18804 184
19016 158
19228 127
19440 112
19652 103
19872 103
20084 112
20296 126
20508 143
20720 159
20940 192
21152 211
21364 240
21576 255
21788 255
22008 255
22220 255
22432 240
22644 224
22864 199
23076 176
23288 156
23500 127
23712 112
23932 99
24144 103
24356 112
24568 127
24780 143
25000 167
25212 192
25424 216
25636 240
25848 255
26064 255
26280 255
26492 252
26704 240
26916 220
27132 195
27348 176
27560 152
27772 124
27988 103
28200 99
28412 103
28628 113
28840 127
29056 152
29268 167
29480 193
29692 220
29908 248
30124 255
30336 255
30548 255
30760 252
30972 231
31192 216
31404 192
31616 167
31828 143
32048 120
32260 103
32472 99
32684 103
32896 120
33116 127
33328 152
33540 176
33752 195
33964 224
34184 248
34396 255
34608 255
34820 255
35032 248
35252 231
35464 216
35676 192
35888 167
36100 143
36320 120
36532 103
36744 99
36956 103
37176 120
37388 127
37600 156
37812 177
38024 199
38244 227
38456 252
38668 255
38880 255
39092 255
39308 248
39524 227
39736 207
39948 192
40160 159
40376 135
40592 113
40804 103
41016 103
41228 110
41444 124
41656 135
41872 159
42084 184
42300 207
42512 231
42724 255
42936 255
43152 255
43368 255
43580 241
43792 225
44004 207
44216 184
44436 159
44648 127
44860 112
45072 103
45284 103
45504 112
45716 126
45928 143
46140 159
46352 188
46572 207
46784 231
46996 255
47208 255
47428 255
47640 255
47852 240
48064 224
48276 199
48496 177
48708 156
48920 127
49132 112
49344 103
49564 103
49776 112
49988 127
50200 143
50412 163
50632 192
50844 216
51056 240
51268 255
51480 255
51700 255
51912 254
52124 240
52336 224
52552 195
52768 176
52980 152
53192 127
53404 103
53620 99
53836 103
54048 113
54260 127
54472 147
4 227
216 207
428 192
648 159
860 135
1072 113
1284 103
1496 103
1716 112
1928 124
2140 135
2352 159
2572 184
2784 207
2996 231
3208 255
3420 255
3640 255
3852 255
4064 243
4276 225
4488 206
4708 184
4920 159
5132 127
5344 112
5556 103
5772 103
5988 112
6200 126
6412 143
6624 159
6840 188
7056 207
7268 231
7480 255
7696 255
7908 255
8120 255
8336 240
8548 224
8764 199
8976 177
9188 156
9400 127
9612 112
9832 99
10044 103
10256 112
10468 127
10680 143
10900 167
11112 192
11324 216
11536 240
11748 255
11968 255
12180 255
12392 254
12604 240
12824 220
13036 195
13248 176
13460 152
13672 126
13892 103
14104 99
14316 103
14528 113
14740 127
14960 152
15172 167
15384 192
15596 220
15808 241
16028 255
16240 255
16452 255
16664 252
16884 231
17096 216
17308 193
17520 167
17732 143
17948 120
18164 103
18376 99
18588 103
18800 120
19016 127
19232 152
19444 176
19656 195
19868 224
20084 248
20296 255
20512 255
20724 255
20936 248
21152 231
21364 216
21576 192
21792 167
22008 143
22220 120
22432 103
22644 103
22856 103
23076 120
23288 127
23500 156
23712 176
23924 199
24144 225
24356 252
24568 255
24780 255
24992 255
25212 248
25424 227
25636 207
25848 192
26060 159
26280 135
26492 115
26704 103
26916 99
27136 103
27348 120
27560 135
27772 158
27984 177
28204 199
28416 227
28628 254
28840 255
29052 255
29272 255
29484 248
29696 225
29908 207
30120 184
30340 159
30552 127
30764 112
30976 103
31188 103
31408 112
31620 124
31832 142
32044 159
32260 184
32476 207
32688 231
32900 255
33112 255
33328 255
33540 255
33756 240
33968 224
34180 199
34396 184
34608 156
34820 127
35036 112
35248 103
35464 103
35676 112
35888 127
36100 143
36316 163
36532 192
36744 216
36956 240
37168 255
37388 255
37600 255
37812 254
38024 240
38236 224
38456 199
38668 176
38880 152
39092 127
39304 110
39524 99
39736 103
39948 112
40160 127
40372 143
40592 167
40804 192
41016 216
41228 241
41440 255
41660 255
41872 255
42084 252
42296 231
42516 216
42728 193
42940 167
43152 145
43364 124
43584 103
43796 99
44008 103
44220 120
44432 127
44652 152
44864 167
45076 193
45288 224
45500 248
45716 255
45932 255
46144 255
46356 252
46568 231
46784 216
47000 192
47212 167
47424 143
47640 120
47852 103
48064 99
48280 103
48492 120
48708 127
48920 152
49132 176
49344 199
49560 224
49776 248
49988 255
50200 255
50412 255
50624 248
50844 231
51056 211
51268 192
51480 163
51700 135
51912 120
52124 103
52336 103
52548 103
52768 120
52980 135
53192 158
53404 177
53616 199
53836 227
54048 254
54260 255
54472 255
4 159
216 184
428 206
640 227
860 254
1072 255
1284 255
1496 255
1716 243
1928 225
2140 207
2352 184
2564 159
2784 127
2996 112
3208 103
3420 103
3632 112
3848 124
4064 142
4276 159
4488 184
4700 207
4916 231
5132 255
5344 255
5556 255
5768 255
5984 240
6196 224
6412 199
6624 184
6840 156
7052 127
7264 112
7476 103
7692 103
7908 112
8120 127
8332 143
8544 163
8756 192
8976 216
9188 240
9400 255
9612 255
9824 255
10044 254
10256 240
10468 224
10680 199
10892 176
11112 152
11324 127
11536 103
11748 99
11968 103
12180 112
12392 127
12604 143
12816 167
13036 192
13248 216
13460 241
13672 255
13884 255
14104 255
14316 252
14528 238
14740 220
14952 195
15172 174
15384 147
15596 124
15808 103
16020 99
16240 103
16452 115
16664 127
16876 152
17092 174
17308 195
17520 224
17732 248
17944 255
18160 255
18376 255
18588 252
18800 231
19012 216
19228 192
19440 167
19656 143
19868 120
20080 103
20296 99
20508 103
20720 120
20936 127
21148 152
21364 176
21576 199
21788 224
22000 248
22220 255
22432 255
22644 255
22856 248
23068 231
23288 207
23500 192
23712 163
23924 142
24136 120
24356 103
24568 103
24780 110
24992 120
25204 135
25424 158
25636 179
25848 199
26060 227
26272 254
26492 255
26704 255
26916 255
27128 248
27344 225
27560 207
27772 184
27984 159
28196 127
28412 112
28624 103
28840 103
29052 112
29264 124
29480 135
29692 159
29904 184
30120 207
30332 231
30548 255
30760 255
30972 255
31184 255
31404 241
31616 224
31828 199
32040 184
32252 158
32472 127
32684 112
32896 99
33108 103
33320 112
33540 126
33752 143
33964 159
34176 192
34388 207
34608 240
34820 255
35032 255
35244 255
35456 255
35676 240
35888 224
36100 199
36312 177
36532 152
36744 127
36956 112
37168 99
37380 103
37600 112
37812 127
38024 143
38236 167
38448 192
38668 216
38880 240
39092 255
39304 255
39516 255
39736 254
39948 240
40160 220
40372 195
40584 176
40800 152
41016 126
41228 103
41440 99
41656 103
41868 113
42084 127
42296 152
42508 167
42724 193
42936 220
43148 243
43364 255
43576 255
43792 255
44004 252
44216 231
44428 216
44640 193
44860 167
45072 143
45284 120
45496 103
45708 99
45928 103
46140 120
46352 127
46564 152
46784 176
46996 195
47208 224
47420 248
47632 255
47852 255
48064 255
48276 248
48488 231
48700 216
48920 192
49132 167
49344 143
49556 120
49768 103
49988 99
50200 103
50412 120
50624 127
50836 156
51056 177
51268 199
51480 225
51692 252
51912 255
52124 255
52336 255
52548 248
52760 227
52976 207
53192 192
53404 159
53616 135
53828 113
54044 103
54260 103
54472 110
4 255
216 255
428 248
640 231
852 216
1072 192
1284 167
1496 143
1708 120
1928 103
2140 99
2352 103
2564 120
2776 127
2996 156
3208 176
3420 199
3632 224
3844 252
4064 255
4276 255
4488 255
4700 248
4912 231
5128 207
5344 192
5556 163
5768 135
5980 120
6196 103
6412 99
6624 110
6836 120
7052 135
7264 159
7476 179
7692 199
7904 227
8120 254
8332 255
8544 255
8756 255
8972 248
9188 225
9400 207
9612 184
9824 159
10036 127
10256 112
10468 103
10680 103
10892 112
11104 124
11324 135
11536 159
11748 184
11960 207
12180 231
12392 254
12604 255
12816 255
13028 254
13248 240
13460 224
13672 199
13884 179
14096 158
14316 127
14528 112
14740 103
14952 103
15164 112
15384 126
15596 143
15808 159
16020 192
16232 211
16452 240
16664 255
16876 255
17088 255
17308 255
17520 240
17732 224
17944 199
18156 176
18372 152
18588 127
18800 110
19012 99
19224 103
19440 113
19656 127
19868 143
20080 167
20292 192
20508 216
20720 241
20936 255
21148 255
21360 255
21576 252
21788 238
22000 220
22216 195
22432 176
22644 152
22856 124
23068 103
23280 99
23500 103
23712 115
23924 127
24136 152
24348 167
24568 193
24780 224
24992 248
25204 255
25416 255
25636 255
25848 252
26060 231
26272 216
26492 192
26704 167
26916 143
27128 120
27340 103
27560 99
27772 103
27984 120
28196 127
28408 152
28628 176
28840 199
29052 224
29264 248
29476 255
29696 255
29908 255
30120 248
30332 231
30544 216
30764 192
30976 163
31188 142
31400 120
31616 103
31832 103
32044 110
32256 120
32468 127
32684 158
32900 177
33112 199
33324 227
33536 252
33752 255
33964 255
34180 255
34392 248
34604 227
34820 207
35032 188
35244 159
35460 135
35672 112
35888 103
36100 103
36312 112
36524 124
36744 135
36956 159
37168 184
37380 207
37592 231
37812 255
38024 255
38236 255
38448 255
38660 241
38880 224
39092 206
39304 184
39516 159
39728 127
39948 112
40160 103
40372 103
40584 112
40796 126
41016 143
41228 159
41440 188
41652 207
41872 238
42084 255
42296 255
42508 255
42720 255
42940 240
43152 224
43364 199
43576 179
43788 156
44008 127
44220 112
44432 99
44644 103
44856 112
45072 127
45288 143
45500 167
45712 192
45924 216
46140 240
46356 255
46568 255
46780 255
46996 254
47208 240
47420 220
47636 195
47848 176
48064 152
48276 126
48488 103
48700 99
48916 103
49132 113
49344 127
49556 152
49768 167
49980 192
50200 220
50412 248
50624 255
50836 255
51048 255
51268 252
51480 231
51692 216
51904 193
52124 167
52336 143
52548 120
52760 103
52972 99
53192 103
53404 120
53616 127
53828 152
54040 176
54256 195
54472 224
