4 143
224 143
436 143
648 145
860 152
1072 152
1292 152
1504 156
1716 158
1928 159
2140 159
2360 159
2572 163
2784 167
2996 167
3208 176
3428 177
3640 184
3852 184
4064 192
4276 192
4492 195
4708 199
4920 199
5132 206
5348 207
5560 207
5776 211
5988 216
6200 216
6416 216
6628 220
6840 220
7056 220
7268 224
7484 224
7696 224
7908 220
8120 220
8336 220
8552 216
8764 216
8976 216
9188 216
9400 216
9620 207
9832 207
10044 207
10256 199
10476 199
10688 199
10900 195
11112 192
11324 192
11544 192
11756 184
11968 184
12180 176
12392 176
12612 167
12824 163
13036 159
13248 159
13460 156
13680 156
13892 152
14104 152
14316 152
14536 143
14748 143
14960 143
15172 143
15384 143
15604 143
15816 143
16028 143
16240 143
16452 143
16672 143
16884 143
17096 143
17308 147
17520 152
17736 152
17952 152
18164 156
18376 159
18588 159
18804 159
19020 163
19232 167
19444 167
19660 176
19872 176
20084 184
20300 184
20512 192
20728 192
20940 193
21152 199
21364 199
21580 206
21796 207
22008 207
22220 216
22432 216
22644 216
22864 216
23076 220
23288 220
23500 220
23712 224
23932 224
24144 224
24356 224
24568 220
24788 220
25000 220
25212 216
25424 216
25636 216
25856 211
26068 207
26280 207
26492 207
26704 199
26924 199
27136 199
27348 195
27560 192
27772 192
27992 192
28204 184
28416 184
28628 176
28840 176
29060 167
29272 167
29484 159
29696 159
29912 158
30128 156
30340 152
30552 152
30764 152
30980 143
31196 143
31408 143
31620 143
31832 143
32048 143
32260 143
32476 143
32688 143
32900 143
33116 143
33328 143
33540 145
33756 152
33968 152
34184 152
34396 156
34608 156
34820 159
35040 159
35252 159
35464 163
35676 167
35888 167
36108 176
36320 176
36532 184
36744 184
36956 192
37176 192
37388 193
37600 199
37812 199
38024 206
38244 207
38456 207
38668 211
38880 216
39092 216
39312 216
39524 220
39736 220
39948 220
40168 220
40380 220
40592 220
40804 220
41016 220
41236 220
41448 216
41660 216
41872 216
42084 216
42304 211
42516 207
42728 207
42940 207
43152 199
43372 199
43584 199
43796 195
44008 192
44220 192
44440 192
44652 184
44864 184
45076 176
45292 176
45504 167
45720 167
45932 159
46144 159
46360 158
46572 156
46784 152
47000 152
47212 147
47428 143
47640 143
47852 143
48064 143
48280 143
48496 143
48708 143
48920 143
49132 143
49352 143
49564 143
49776 143
49988 147
50200 152
50420 152
50632 152
50844 156
51056 158
51268 159
51488 159
51700 159
51912 167
52124 167
52336 174
52556 176
52768 177
52980 184
53192 188
53404 192
53624 192
53836 195
54048 199
54260 199
54480 207
4 199
216 199
436 207
648 207
860 207
1072 216
1288 216
1504 216
1716 216
1928 220
2140 220
2356 220
2568 220
2784 220
2996 220
3208 220
3424 220
3636 216
3848 216
4064 216
4276 216
4492 216
4704 207
4916 207
5128 207
5344 206
5560 199
5772 199
5984 195
6196 193
6416 192
6628 192
6840 188
7052 184
7264 179
7484 176
7696 176
7908 167
8120 163
8332 159
8552 159
8764 156
8976 152
9188 152
9400 152
9620 152
9832 143
10044 143
10256 143
10468 143
10688 143
10900 143
11112 143
11324 143
11544 143
11756 143
11968 143
12180 152
12392 152
12612 152
12824 152
13036 156
13248 158
13460 159
13676 159
13892 159
14104 163
14316 167
14528 167
14744 176
14960 176
15172 184
15384 184
15596 188
15812 192
16024 192
16240 195
16452 199
16668 199
16880 207
17092 207
17304 207
17520 216
17736 216
17948 216
18160 216
18372 220
18584 220
18804 220
19016 220
19228 220
19440 220
19652 220
19872 220
20084 216
20296 216
20508 216
20720 216
20940 211
21152 207
21364 207
21576 207
21796 199
22008 199
22220 199
22432 195
22644 193
22864 192
23076 192
23288 184
23500 184
23712 177
23928 176
24144 167
24356 167
24568 159
24780 159
24996 156
25208 152
25424 152
25636 152
25848 152
26064 147
26276 143
26488 143
26704 143
26920 143
27132 143
27344 143
27556 143
27768 143
27988 143
28200 143
28412 143
28624 152
28836 152
29056 152
29268 152
29480 156
29692 156
29904 158
30124 159
30336 159
30548 163
30760 167
30980 167
31192 176
31404 176
31616 177
31828 184
32048 184
32260 192
32472 192
32684 193
32896 199
33116 199
33328 206
33540 207
33752 207
33964 207
34184 211
34396 216
34608 216
34820 216
35032 216
35252 220
35464 220
35676 220
35888 220
36104 220
36320 220
36532 216
36744 216
36956 216
37172 216
37388 216
37600 211
37812 207
38024 207
38240 207
38452 199
38668 199
38880 199
39092 195
39308 193
39520 192
39732 192
39948 184
40160 184
40376 177
40588 176
40800 167
41012 167
41232 163
41444 159
41656 159
41868 156
42080 156
42300 152
42512 152
42724 152
42936 147
43148 143
43368 143
43580 143
43792 143
44004 143
44216 143
44436 143
44648 143
44860 143
45072 143
45284 143
45504 147
45716 152
45928 152
46140 152
46360 156
46572 156
46784 158
46996 159
47208 159
47428 163
47640 167
47852 167
48064 176
48276 176
48496 179
48708 184
48920 192
49132 192
49344 192
49564 195
49776 199
49988 199
50200 207
50412 207
50628 209
50844 216
51056 216
51268 216
51484 216
51696 220
51912 220
52124 220
52336 220
52552 220
52764 220
52976 220
53192 220
53404 216
53620 216
53832 216
54044 216
54256 211
54472 207
4 216
216 216
436 209
648 207
860 207
1072 207
1284 199
1504 199
1716 199
1928 195
2140 193
2352 192
2572 192
2784 184
2996 184
3208 177
3428 176
3640 167
3852 167
4064 163
4276 159
4496 159
4708 156
4920 152
5132 152
5344 152
5564 152
5776 143
5988 143
6200 143
6412 143
6628 143
6844 143
7056 143
7268 143
7480 143
7696 143
7908 143
8120 147
8332 152
8552 152
8764 152
8976 152
9188 156
9400 158
9620 159
9832 159
10044 163
10256 167
10468 167
10688 174
10900 176
11112 177
11324 184
11536 184
11752 192
11968 192
12180 193
12392 199
12604 199
12820 206
13036 207
13248 207
13460 211
13676 216
13888 216
14100 216
14316 220
14528 220
14744 220
14956 220
15168 220
15380 220
15596 220
15812 220
16024 220
16236 216
16448 216
16660 216
16880 216
17092 207
17304 207
17516 207
17736 199
17948 199
18160 199
18372 195
18584 193
18804 192
19016 192
19228 192
19440 184
19652 184
19872 176
20084 176
20296 167
20508 167
20720 159
20940 159
21152 158
21364 156
21576 152
21788 152
22008 152
22220 147
22432 143
22644 143
22864 143
23076 143
23288 143
23500 143
23712 143
23932 143
24144 143
24356 143
24568 143
24780 147
24996 152
25212 152
25424 152
25636 156
25848 158
26064 159
26280 159
26492 159
26704 163
26916 167
27132 167
27344 176
27560 176
27772 184
27988 184
28200 192
28412 192
28624 193
28840 195
29056 199
29268 199
29480 207
29692 207
29904 211
30124 216
30336 216
30548 216
30760 216
30972 220
31192 220
31404 220
31616 220
31828 220
32040 220
32260 216
32472 216
32684 216
32896 216
33116 216
33328 216
33540 207
33752 207
33964 207
34184 207
34396 199
34608 199
34820 199
35032 195
35252 193
35464 192
35676 192
35888 184
36100 184
36320 177
36532 176
36744 167
36956 167
37168 163
37388 159
37600 159
37812 156
38024 156
38240 152
38456 152
38668 147
38880 143
39092 143
39308 143
39520 143
39736 143
39948 143
40160 143
40376 143
40588 143
40800 143
41016 143
41228 147
41444 152
41656 152
41868 152
42080 152
42296 156
42512 158
42724 159
42936 159
43148 163
43368 167
43580 167
43792 176
44004 176
44216 177
44436 184
44648 188
44860 192
45072 192
45284 195
45504 199
45716 199
45928 207
46140 207
46352 207
46572 216
46784 216
46996 216
47208 216
47420 220
47640 220
47852 220
48064 220
48276 220
48492 220
48704 220
48920 220
49132 216
49344 216
49560 216
49772 216
49984 211
50200 207
50412 207
50628 207
50840 206
51052 199
51264 199
51480 195
51696 193
51908 192
52120 192
52332 188
52552 184
52764 177
52976 176
53188 174
53400 167
53620 163
53832 159
54044 159
54256 156
54468 156
4 167
216 167
436 159
648 159
860 158
1072 156
1284 152
1504 152
1716 152
1928 143
2140 143
2352 143
2572 143
2784 143
2996 143
3208 143
3420 143
3640 143
3852 143
4064 143
4276 143
4488 143
4708 152
4920 152
5132 152
5344 152
5560 156
5776 158
5988 159
6200 159
6412 163
6628 167
6840 167
7056 176
7268 176
7480 179
7696 184
7908 192
8120 192
8336 193
8548 195
8764 199
8976 199
9188 207
9400 207
9620 216
9832 216
10044 216
10256 216
10468 216
10688 220
10900 220
11112 224
11324 224
11536 224
11756 224
11968 224
12180 220
12392 220
12604 216
12824 216
13036 216
13248 216
13460 207
13672 207
13892 207
14104 206
14316 199
14528 199
14748 195
14960 193
15172 192
15384 192
15596 184
15816 184
16028 177
16240 176
16452 167
16664 167
16884 159
17096 159
17308 158
17520 156
17732 152
17952 152
18164 152
18376 143
18588 143
18800 143
19016 143
19232 143
19444 143
19656 143
19872 143
20084 143
20300 143
20512 143
20724 143
20940 143
21152 147
21364 152
21580 152
21792 152
22008 156
22220 158
22432 159
22644 159
22860 163
23076 167
23288 167
23500 176
23712 176
23924 179
24144 184
24356 192
24568 192
24780 193
25000 195
25212 199
25424 199
25636 207
25848 207
26068 211
26280 216
26492 216
26704 216
26916 220
27136 220
27348 224
27560 224
27772 224
27984 224
28204 224
28416 224
28628 220
28840 220
29052 216
29272 216
29484 216
29696 216
29908 209
30128 207
30340 207
30552 206
30764 199
30976 199
31192 195
31408 193
31620 192
31832 192
32044 188
32260 184
32476 177
32688 176
32900 167
33112 167
33328 163
33540 159
33756 159
33968 156
34180 152
34396 152
34608 152
34820 145
35032 143
35252 143
35464 143
35676 143
35888 143
36100 143
36320 143
36532 143
36744 143
36956 143
37168 143
37384 143
37600 147
37812 152
38024 152
38236 152
38452 156
38664 158
38880 159
39092 159
39304 159
39520 167
39732 167
39944 167
40160 176
40376 176
40588 184
40800 184
41012 192
41224 192
41444 195
41656 199
41868 199
42080 207
42292 207
42512 209
42724 216
42936 216
43148 216
43360 220
43580 220
43792 224
44004 224
44216 224
44436 224
44648 224
44860 224
45072 220
45284 216
45504 216
45716 216
45928 216
46140 211
46352 207
46572 207
46784 207
46996 207
47208 199
47420 199
47640 195
47852 193
48064 192
48276 192
48488 192
48708 184
48920 184
49132 176
49344 174
49560 167
49776 163
49988 159
50200 159
50412 156
50628 152
50844 152
51056 152
51268 145
51480 143
51696 143
51908 143
52124 143
52336 143
52548 143
52764 143
52976 143
53188 143
53404 143
53616 143
53832 143
54044 145
54256 152
54468 152
4 145
216 152
428 152
648 152
860 156
1072 156
1284 159
1504 159
1716 159
1928 163
2140 167
2352 167
2572 176
2784 176
2996 179
3208 184
3420 192
3640 192
3852 192
4064 195
4276 199
4488 199
4704 207
4920 207
5132 207
5344 216
5556 216
5772 216
5988 216
6200 220
6412 220
6628 220
6840 220
7052 220
7268 220
7480 220
7696 220
7908 220
8120 216
8332 216
8548 216
8764 216
8976 207
9188 207
9400 207
9612 199
9832 199
10044 199
10256 195
10468 193
10680 192
10900 192
11112 184
11324 184
11536 177
11756 176
11968 167
12180 167
12392 163
12604 159
12824 159
13036 156
13248 152
13460 152
13672 152
13892 152
14104 143
14316 143
14528 143
14740 143
14960 143
15172 143
15384 143
15596 143
15808 143
16028 143
16240 143
16452 145
16664 152
16880 152
17096 152
17308 152
17520 156
17732 156
17948 159
18164 159
18376 159
18588 167
18800 167
19016 176
19228 176
19444 177
19656 184
19868 192
20084 192
20296 192
20508 195
20724 199
20936 199
21152 207
21364 207
21576 207
21788 216
22008 216
22220 216
22432 216
22644 216
22856 216
23076 220
23288 216
23500 220
23712 220
23924 220
24144 220
24356 216
24568 216
24780 216
24992 216
25212 216
25424 207
25636 207
25848 207
26060 199
26280 199
26492 199
26704 195
26916 193
27136 192
27348 192
27560 188
27772 184
27984 177
28204 176
28416 174
28628 167
28840 163
29052 159
29272 159
29484 156
29696 156
29908 152
30120 152
30340 147
30552 145
30764 143
30976 143
31192 143
31408 143
31620 143
31832 143
32044 143
32260 143
32472 143
32688 143
32900 145
33112 152
33328 152
33540 152
33752 152
33968 156
34180 158
34396 159
34608 159
34820 159
35032 167
35248 167
35464 174
35676 176
35888 177
36100 184
36320 188
36532 192
36744 192
36956 195
37168 199
37388 199
37600 207
37812 207
38024 207
38236 216
38456 216
38668 216
38880 220
39092 220
39304 220
39524 220
39736 220
39948 220
40160 220
40372 220
40592 220
40804 220
41016 216
41228 216
41448 216
41660 216
41872 207
42084 207
42296 207
42516 206
42728 199
42940 199
43152 195
43364 193
43584 192
43796 192
44008 192
44220 184
44432 184
44648 176
44864 174
45076 167
45288 163
45500 159
45716 159
45932 158
46144 156
46356 152
46572 152
46784 152
46996 143
47212 143
47424 143
47640 143
47852 143
48064 143
48276 143
48492 143
48708 143
48920 143
49132 143
49344 143
49556 147
49776 152
49988 152
50200 152
50412 156
50624 158
50844 159
51056 159
51268 159
51480 163
51700 167
51912 167
52124 176
52336 176
52548 184
52768 184
52980 192
53192 192
53404 193
53616 199
53836 199
54048 207
54260 207
54472 207
4 207
216 207
428 207
648 207
860 216
1072 216
1284 216
1496 216
1716 220
1928 220
2140 220
2352 220
2564 220
2784 220
2996 220
3208 216
3420 216
3640 216
3852 216
4064 216
4276 207
4488 207
4708 207
4920 206
5132 199
5344 199
5556 195
5772 193
5988 192
6200 192
6412 192
6624 184
6840 184
7056 176
7268 176
7480 167
7692 167
7908 159
8120 159
8336 158
8548 156
8764 152
8976 152
9188 152
9400 145
9616 143
9832 143
10044 143
10256 143
10468 143
10680 143
10900 143
11112 143
11324 143
11536 143
11748 145
11968 152
12180 152
12392 152
12604 152
12816 156
13036 158
13248 159
13460 159
13672 159
13892 163
14104 167
14316 167
14528 176
14740 176
14960 184
15172 184
15384 192
15596 192
15808 193
16028 195
16240 199
16452 206
16664 207
16876 207
17096 211
17308 216
17520 216
17732 216
17952 216
18164 216
18376 220
18588 220
18800 220
19016 220
19232 220
19444 220
19656 216
19868 216
20084 216
20300 216
20512 216
20724 207
20936 207
21152 207
21364 207
21580 199
21792 199
22004 199
22220 195
22432 193
22644 192
22860 192
23076 184
23288 184
23500 177
23712 176
23924 167
24144 167
24356 163
24568 159
24780 158
24992 156
25212 152
25424 152
25636 152
25848 145
26060 143
26280 143
26492 143
26704 143
26916 143
27128 143
27348 143
27560 143
27772 143
27984 143
28204 143
28416 147
28628 152
28840 152
29052 152
29272 156
29484 156
29696 159
29908 159
30120 159
30340 163
30552 167
30764 167
30976 176
31188 176
31408 177
31620 184
31832 188
32044 192
32256 192
32476 195
32688 199
32900 199
33112 207
33328 207
33544 207
33756 216
33968 216
34180 216
34396 216
34608 220
34824 220
35036 220
35248 220
35464 220
35676 220
35888 220
36100 220
36316 216
36532 216
36744 216
36956 216
37168 211
37380 207
37600 207
37812 207
38024 206
38236 199
38456 199
38668 195
38880 193
39092 192
39304 192
39524 192
39736 184
39948 184
40160 176
40372 176
40592 167
40804 163
41016 159
41228 159
41440 156
41660 156
41872 152
42084 152
42296 152
42508 145
42728 143
42940 143
43152 143
43364 143
43584 143
43796 143
44008 143
44220 143
44432 143
44652 143
44864 145
45076 152
45288 152
45500 152
45716 152
45932 156
46144 158
46356 159
46568 159
46784 159
47000 167
47212 167
47424 167
47636 176
47852 176
48064 184
48280 184
48492 192
48708 192
48920 193
49132 195
49344 199
49560 206
49776 207
49988 207
50200 209
50412 216
50624 216
50844 216
51056 216
51268 216
51480 220
51692 220
51912 220
52124 220
52336 220
52548 220
52768 220
52980 216
53192 216
53404 216
53616 216
53836 211
54048 207
54260 207
54472 206
8 216
220 216
432 207
648 207
860 207
1072 199
1288 199
1500 199
1716 195
1928 193
2140 192
2352 192
2568 184
2784 184
2996 176
3208 176
3420 167
3632 167
3852 159
4064 159
4276 159
4488 156
4700 152
4920 152
5132 152
5344 147
5556 143
5776 143
5988 143
6200 143
6412 143
6624 143
6844 143
7056 143
7268 143
7480 143
7692 143
7912 147
8124 152
8336 152
8548 152
8760 152
8980 156
9192 158
9404 159
9616 159
9836 163
10048 167
10260 167
10472 176
10684 176
10904 179
11116 184
11328 192
11540 192
11752 193
11968 195
12184 199
12396 199
12608 207
12820 207
13036 211
13252 216
13464 216
13676 216
13888 220
14104 220
14316 220
14532 220
14744 224
14960 220
15172 220
15384 220
15596 220
15812 220
16028 216
16240 216
16452 216
16664 211
16876 207
17096 207
17308 207
17520 206
17732 199
17944 199
18164 195
18376 193
18588 192
18800 192
19012 184
19232 184
19444 177
19656 176
19868 167
20088 167
20300 159
20512 159
20724 159
20936 156
21156 152
21368 152
21580 152
21792 147
22004 143
22224 143
22436 143
22648 143
22860 143
23072 143
23292 143
23504 143
23716 143
23928 143
24140 143
24360 143
24572 152
24784 152
24996 152
25212 156
25428 156
25640 159
25852 159
26064 159
26280 163
26492 167
26708 167
26920 176
27132 176
27348 179
27560 184
27772 188
27988 192
28200 192
28416 195
28628 199
28840 199
29052 207
29268 207
29484 207
29696 216
29908 216
30120 216
30340 220
30552 220
30764 220
30976 220
31188 224
31408 224
31620 220
31832 220
32044 220
32256 216
32476 216
32688 216
32900 211
33112 207
33324 207
33544 207
33756 207
33968 199
34180 199
34392 199
34612 195
34824 193
35036 192
35248 192
35468 184
35680 184
35892 177
36104 176
36316 167
36536 167
36748 159
36960 159
37172 159
37384 156
37604 152
37816 152
38028 152
38240 147
38452 143
38668 143
38884 143
39096 143
39308 143
39520 143
39736 143
39952 143
40164 143
40376 143
40592 143
40804 145
41016 152
41232 152
41444 152
41660 152
41872 156
42084 158
42296 159
42512 159
42728 163
42940 167
43152 167
43364 176
43576 176
43796 177
44008 184
44220 188
44432 192
44652 192
44864 195
45076 199
45288 199
45500 207
45720 207
45932 207
46144 216
46356 216
46568 216
46788 216
47000 220
47212 220
47424 220
47636 220
47856 220
48068 220
48280 220
48492 220
48704 216
48924 216
49136 216
49348 216
49560 216
49780 207
49992 207
50204 207
50416 206
50628 199
50848 199
51060 195
51272 193
51484 192
51696 192
51912 188
52128 184
52340 177
52552 176
52764 172
52980 167
53196 163
53408 159
53620 159
53832 156
54048 152
54260 152
54476 152
4 156
216 152
428 152
640 152
860 145
1072 143
1284 143
1496 143
1708 143
1928 143
2140 143
2352 143
2564 143
2784 143
2996 143
3208 147
3420 152
3632 152
3852 152
4064 152
4276 156
4488 158
4700 159
4920 159
5132 159
5344 167
5556 167
5768 167
5988 176
6200 176
6412 184
6624 184
6840 192
7056 192
7268 193
7480 199
7692 199
7908 207
8120 207
8336 207
8548 211
8760 216
8976 216
9188 216
9400 216
9616 220
9828 220
10044 220
10256 216
10468 216
10680 216
10896 216
11112 216
11324 216
11536 216
11748 216
11968 216
12180 207
12392 207
12604 207
12816 206
13036 199
13248 199
13460 195
13672 193
13884 192
14104 192
14316 192
14528 184
14740 184
14952 176
15172 176
15384 167
15596 167
15808 159
16020 159
16240 158
16452 156
16664 152
16876 152
17096 152
17308 147
17520 143
17732 143
17944 143
18164 143
18376 143
18588 143
18800 143
19012 143
19232 143
19444 143
19656 145
19868 152
20080 152
20296 152
20512 152
20724 156
20936 158
21148 159
21364 159
21580 159
21792 163
22004 167
22220 167
22432 176
22644 176
22860 184
23072 184
23288 192
23500 192
23712 193
23924 195
24140 199
24356 206
24568 207
24780 207
24992 216
25204 216
25424 216
25636 216
25848 216
26060 216
26272 220
26492 220
26704 220
26916 220
27128 220
27348 220
27560 216
27772 216
27984 216
28196 216
28416 216
28628 207
28840 207
29052 207
29264 206
29484 199
29696 199
29908 199
30120 195
30332 192
30552 192
30764 192
30976 184
31188 184
31400 177
31616 176
31828 167
32040 167
32252 159
32472 159
32684 158
32896 156
33108 152
33320 152
33540 152
33752 147
33964 143
34176 143
34388 143
34604 143
34820 143
35032 143
35244 143
35456 143
35672 143
35888 143
36100 143
36312 147
36524 152
36740 152
36952 152
37168 156
37380 158
37596 159
37808 159
38020 159
38232 163
38448 167
38664 167
38876 176
39088 176
39300 184
39512 184
39732 192
39944 192
40156 192
40368 195
40580 199
40800 199
41012 207
41224 207
41436 207
41656 216
41868 216
42080 216
42292 220
42504 220
42724 220
42936 220
43148 220
43360 220
43572 220
43792 220
44004 216
44216 216
44428 216
44640 216
44860 216
45072 207
45284 207
45496 207
45708 207
45928 199
46140 199
46352 199
46564 195
46784 192
46996 192
47208 192
47420 184
47632 184
47848 177
48064 176
48276 167
48488 167
48700 163
48916 159
49128 158
49344 156
49556 152
49768 152
49984 152
50196 147
50408 143
50624 143
50836 143
51052 143
51264 143
51476 143
51688 143
51908 143
52120 143
52332 143
52544 147
52756 147
52976 152
53188 152
53400 152
53612 156
53824 156
54044 159
54256 159
54468 159
4 156
216 156
428 158
640 159
860 159
1072 163
1284 167
1496 167
1708 176
1928 176
2140 177
2352 184
2564 188
2776 192
2996 192
3208 195
3420 199
3632 199
3852 207
4064 207
4276 207
4488 216
4700 216
4920 216
5132 216
5344 216
5556 220
5768 220
5984 220
6200 220
6412 220
6624 220
6836 220
7052 216
7268 216
7480 216
7692 216
7904 216
8120 207
8332 207
8548 207
8760 206
8976 199
9188 199
9400 195
9612 193
9828 192
10044 192
10256 188
10468 184
10680 184
10892 176
11112 174
11324 167
11536 163
11748 159
11960 159
12180 156
12392 156
12604 152
12816 152
13028 147
13248 143
13460 143
13672 143
13884 143
14104 143
14316 143
14528 143
14740 143
14952 143
15172 143
15384 143
15596 143
15808 152
16020 152
16240 152
16452 156
16664 156
16876 158
17088 159
17308 159
17520 159
17732 167
17944 167
18156 167
18376 176
18588 176
18800 184
19012 184
19228 192
19444 192
19656 193
19868 199
20080 199
20296 207
20512 207
20724 207
20936 216
21148 216
21364 216
21576 216
21792 220
22004 220
22216 220
22432 220
22644 220
22856 220
23072 220
23284 220
23500 216
23712 216
23924 216
24136 216
24356 216
24568 207
24780 207
24992 207
25204 206
25424 199
25636 199
25848 195
26060 193
26272 192
26492 192
26704 192
26916 184
27128 184
27340 176
27560 176
27772 167
27984 163
28196 159
28416 159
28628 158
28840 156
29052 152
29264 152
29484 152
29696 147
29908 143
30120 143
30332 143
30552 143
30764 143
30976 143
31188 143
31400 143
31620 143
31832 143
32044 143
32256 152
32468 152
32688 152
32900 152
33112 156
33324 158
33540 159
33752 159
33968 159
34180 163
34392 167
34608 167
34820 176
35032 176
35248 184
35460 184
35676 192
35888 192
36100 193
36312 195
36528 199
36744 206
36956 207
37168 207
37380 211
37592 216
37812 216
38024 216
38236 216
38448 220
38668 220
38880 220
39092 220
39304 220
39516 220
39736 220
39948 220
40160 216
40372 216
40584 216
40804 216
41016 211
41228 207
41440 207
41652 207
41872 199
42084 199
42296 199
42508 195
42720 192
42940 192
43152 192
43364 184
43576 184
43796 176
44008 176
44220 167
44432 167
44644 159
44864 159
45076 158
45288 156
45500 152
45712 152
45928 152
46144 147
46356 143
46568 143
46780 143
46996 143
47212 143
47424 143
47636 143
47848 143
48064 143
48276 143
48492 143
48704 147
48920 152
49132 152
49344 152
49556 156
49772 158
49988 159
50200 159
50412 159
50624 163
50836 167
51056 167
51268 176
51480 176
51692 184
51904 184
52124 192
52336 192
52548 192
52760 195
52972 199
53192 206
53404 207
53616 207
53828 211
54048 216
54260 216
54472 216
4 207
216 211
428 216
640 216
860 216
1072 216
1284 220
1496 220
1708 220
1928 224
2140 224
2352 220
2564 220
2776 220
2996 216
3208 216
3420 216
3632 216
3844 211
4064 207
4276 207
4488 207
4700 199
4912 199
5132 199
5344 195
5556 192
5768 192
5988 192
6200 184
6412 184
6624 177
6836 176
7052 167
7268 167
7480 159
7692 159
7904 159
8120 156
8336 152
8548 152
8760 152
8972 147
9188 143
9400 143
9616 143
9828 143
10040 143
10256 143
10468 143
10680 143
10896 143
11112 143
11324 143
11536 143
11748 152
11960 152
12180 152
12392 156
12604 156
12816 159
13028 159
13248 159
13460 163
13672 167
13884 167
14096 176
14316 176
14528 184
14740 184
14952 192
15164 192
15384 193
15596 195
15808 199
16020 199
16240 207
16452 207
16664 211
16876 216
17088 216
17308 216
17520 216
17732 220
17944 220
18156 220
18376 220
18588 220
18800 220
19012 220
19224 220
19444 216
19656 216
19868 216
20080 216
20292 211
20512 207
20724 207
20936 207
21148 199
21364 199
21576 199
21792 195
22004 192
22216 192
22432 192
22644 184
22856 184
23072 176
23284 176
23500 167
23712 167
23924 159
24136 159
24352 158
24568 156
24780 152
24992 152
25204 147
25424 143
25636 143
25848 143
26060 143
26272 143
26492 143
26704 143
26916 143
27128 143
27340 143
27560 143
27772 145
27984 152
28196 152
28408 152
28628 152
28840 156
29052 158
29264 159
29476 159
29696 159
29908 163
30120 167
30332 167
30552 176
30764 176
30976 184
31188 184
31400 192
31620 192
31832 193
32044 199
32256 199
32468 206
32688 207
32900 207
33112 211
33324 216
33536 216
33752 216
33968 216
34180 216
34392 220
34604 220
34820 220
35036 220
35248 220
35460 220
35676 220
35888 216
36100 216
36316 216
36528 216
36744 207
36956 207
37168 207
37380 206
37596 199
37812 199
38024 195
38236 193
38448 192
38660 192
38880 192
39092 184
39304 184
39516 176
39728 176
39948 167
40160 163
40372 159
40584 159
40804 158
41016 156
41228 152
41440 152
41652 152
41872 145
42084 143
42296 143
42508 143
42720 143
42940 143
43152 143
43364 143
43576 143
43788 143
44008 143
44220 143
44432 152
44644 152
44856 152
45076 152
45288 156
45500 158
45712 159
45932 159
46144 159
46356 167
46568 167
46780 172
46996 176
47212 177
47424 184
47636 184
47848 192
48064 192
48280 193
48492 199
48704 199
48916 207
49132 207
49344 207
49560 216
49772 216
49984 216
50200 216
50412 220
50624 220
50836 220
51056 220
51268 220
51480 220
51692 220
51904 220
52124 216
52336 216
52548 216
52760 216
52972 216
53188 207
53404 207
53616 207
53828 206
54040 199
54256 199
54468 195
