4 176
216 193
428 167
640 193
860 176
1072 184
1284 192
1496 176
1708 193
1928 167
2140 193
2352 176
2564 184
2776 192
2996 176
3208 195
3420 167
3632 192
3844 177
4064 184
4276 192
4488 167
4700 193
4920 167
5132 192
5344 177
5556 184
5768 192
5984 174
6200 195
6412 167
6624 192
6836 184
7052 184
7268 192
7480 174
7692 195
7904 167
8120 192
8332 184
8548 179
8760 192
8972 167
9188 195
9400 174
9612 192
9828 184
10044 177
10256 192
10468 167
10680 195
10892 174
11112 192
11324 184
11536 177
11748 192
11960 167
12180 195
12392 176
12604 192
12816 184
13028 176
13248 192
13460 167
13672 195
13884 176
14096 192
14316 184
14528 176
14740 193
14952 167
15172 195
15384 176
15596 192
15808 188
16020 176
16240 193
16452 167
16664 193
16876 176
17088 192
17308 188
17520 176
17732 193
17944 167
18156 193
18376 176
18588 192
18800 192
19012 176
19224 193
19444 167
19656 193
19868 176
20080 184
20296 192
20512 176
20724 193
20936 167
21148 193
21364 176
21576 184
21792 192
22004 176
22216 195
22432 167
22644 193
22856 176
23072 184
23284 192
23500 176
23712 195
23924 167
24136 192
24348 177
24568 184
24780 192
24992 176
25204 195
25424 167
25636 192
25848 177
26060 184
26272 192
26492 174
26704 195
26916 167
27128 192
27340 179
27560 184
27772 192
27984 167
28196 195
28408 167
28628 192
28840 179
29052 184
29264 192
29476 167
29692 195
29904 167
30116 192
30328 184
30548 177
30760 192
30972 167
31184 195
31396 174
31616 192
31828 184
32040 177
32252 192
32464 167
32684 195
32896 176
33108 192
33320 184
33532 176
33748 192
33964 167
34176 193
34388 176
34600 192
34816 184
35032 176
35244 192
35456 167
35672 193
35884 176
36096 192
36312 184
36524 176
36740 193
36952 167
37164 193
37376 176
37592 192
37808 188
38020 176
38232 193
38444 167
38656 193
38876 176
39088 192
39300 192
39512 176
39732 193
39944 167
40156 193
40368 176
40580 184
40800 192
41012 176
41224 193
41436 167
41648 193
41868 176
42080 184
42292 192
42504 176
42716 193
42936 167
43148 193
43360 176
43572 184
43784 192
44004 176
44216 193
44428 167
44640 192
44860 176
45072 184
45284 192
45496 174
45708 195
45928 167
46140 192
46352 177
46564 184
46776 192
46992 174
47208 195
47420 167
47632 192
47844 184
48060 184
48276 192
48488 167
48700 195
48912 174
49128 192
49340 184
49556 179
49768 192
49984 172
50196 195
50408 167
50620 192
50836 184
51052 179
51264 192
51476 167
51688 195
51900 174
52120 192
52332 184
52544 177
52756 192
52968 167
53188 195
53400 174
53612 192
53824 184
54036 176
54256 192
54468 167
4 192
220 176
432 193
644 167
856 193
1072 176
1284 188
1500 192
1712 176
1928 193
2140 167
2352 193
2564 176
2780 184
2996 192
3208 176
3420 193
3632 167
3844 192
4064 176
4276 184
4488 192
4700 176
4912 193
5132 167
5344 192
5556 176
5768 184
5980 192
6200 172
6412 193
6624 167
6836 192
7056 176
7268 184
7480 192
7692 174
7904 195
8124 167
8336 192
8548 177
8760 184
8972 192
9192 174
9404 195
9616 167
9828 192
10040 184
10260 184
10472 192
10684 167
10896 195
11108 167
11328 192
11540 179
11752 177
11964 192
12180 167
12396 193
12608 167
12820 192
13032 184
13248 176
13460 192
13676 167
13888 193
14100 174
14316 192
14528 184
14740 176
14956 192
15168 167
15384 195
15596 176
15808 192
16020 184
16236 176
16452 192
16664 167
16876 195
17088 176
17308 192
17520 184
17732 176
17944 193
18156 167
18376 195
18588 176
18800 192
19012 188
19224 176
19444 192
19656 167
19868 193
20080 176
20292 192
20512 192
20724 176
20936 193
21148 167
21360 193
21580 176
21792 188
22004 192
22216 176
22436 193
22648 167
22860 193
23072 176
23284 184
23504 192
23716 176
23928 193
24140 167
24352 192
24572 176
24784 184
24996 192
25208 176
25420 193
25636 167
25852 193
26064 176
26276 184
26492 192
26704 174
26920 193
27132 167
27344 192
27560 176
27772 184
27984 192
28200 174
28412 195
28628 167
28840 192
29052 176
29264 177
29480 192
29696 167
29908 193
30120 167
30332 192
30544 184
30764 184
30976 192
31188 167
31400 195
31620 167
31832 192
32044 184
32256 177
32468 192
32688 167
32900 195
33112 167
33324 192
33536 184
33756 177
33968 192
34180 167
34392 195
34604 174
34824 192
35036 184
35248 177
35460 192
35672 167
35892 195
36104 176
36316 192
36528 184
36748 177
36960 192
37172 167
37384 195
37596 176
37816 192
38028 184
38240 176
38452 193
38664 167
38880 195
39096 176
39308 192
39520 188
39732 176
39948 193
40164 167
40376 193
40588 176
40800 192
41016 188
41228 176
41444 193
41656 167
41872 193
42084 176
42296 188
42508 192
42724 176
42940 193
43152 167
43364 193
43576 176
43788 184
44008 192
44220 176
44432 193
44644 167
44856 193
45076 176
45288 184
45500 192
45712 176
45924 193
46144 167
46356 193
46568 176
46780 184
47000 192
47212 176
47424 193
47636 167
47848 192
48068 176
48280 184
48492 192
48704 176
48916 195
49136 167
49348 192
49560 177
49772 184
49984 192
50204 174
50416 195
50628 167
50840 192
51052 184
51272 184
51484 192
51696 172
51908 195
52124 167
52340 192
52552 184
52764 177
52976 192
53192 167
53404 195
53620 167
53832 192
54044 184
54260 177
54472 192
4 195
216 167
428 192
640 179
852 184
1068 192
1284 174
1496 195
1708 167
1920 192
2136 179
2348 179
2564 192
2776 167
2988 195
3204 167
3416 192
3628 184
3844 177
4060 192
4272 167
4484 195
4696 172
4908 192
5128 184
5340 177
5552 192
5764 167
5976 195
6196 172
6408 192
6620 184
6832 176
7044 192
7264 167
7476 195
7688 176
7900 192
8112 184
8332 176
8544 192
8756 167
8968 195
9188 176
9400 192
9612 184
9824 176
10036 193
10256 167
10468 193
10680 176
10892 192
11104 192
11324 176
11536 193
11748 167
11960 193
12172 176
12392 192
12604 192
12816 176
13028 193
13240 167
13456 193
13668 176
13880 184
14092 192
14312 176
14524 193
14736 167
14948 193
15160 176
15380 184
15592 192
15804 176
16016 195
16228 167
16448 193
16660 176
16872 184
17084 192
17296 176
17516 193
17728 167
17940 192
18152 176
18364 184
18584 192
18796 174
19008 193
19220 167
19436 192
19652 177
19864 184
20076 192
20288 174
20504 193
20716 167
20932 192
21144 179
21356 179
21572 192
21784 167
21996 195
22212 167
22424 192
22640 184
22852 179
23064 192
23276 167
23496 195
23708 167
23920 192
24132 184
24344 177
24564 192
24776 167
24988 195
25200 174
25412 192
25632 184
25844 177
26056 192
26268 167
26480 195
26700 174
26912 192
27124 184
27336 176
27548 192
27768 167
27980 195
28192 176
28404 192
28624 184
28836 176
29048 192
29260 167
29472 193
29692 176
29904 192
30116 184
30328 176
30540 193
30760 167
30972 193
31184 176
31396 192
31608 192
31828 176
32040 193
32252 167
32464 193
32676 176
32892 192
33108 192
33320 176
33532 193
33748 167
33960 193
34176 176
34388 184
34600 192
34816 176
35028 193
35240 167
35456 193
35668 176
35884 184
36096 192
36308 176
36520 193
36732 167
36952 193
37164 176
37376 184
37588 192
37800 174
38020 195
38232 167
38444 192
38656 177
38876 184
39088 192
39300 176
39512 193
39724 167
39944 192
40156 177
40368 184
40580 192
40792 167
41012 193
41224 167
41436 192
41648 179
41860 184
42080 192
42292 167
42504 195
42716 167
42928 192
43148 184
43360 177
43572 192
43784 167
44004 195
44216 167
44428 192
44640 184
44852 177
45068 192
45284 167
45496 195
45708 174
45920 192
46136 184
46352 177
46564 192
46776 167
46988 195
47204 174
47416 192
47632 184
47844 176
48056 192
48272 167
48484 193
48696 176
48908 192
49128 184
49340 176
49552 193
49764 167
49976 193
50196 176
50408 192
50620 188
50832 176
51044 193
51260 167
51476 193
51688 176
51900 192
52112 192
52328 176
52540 193
52756 167
52968 193
53180 176
53396 188
53608 192
53820 176
54036 193
54252 167
54464 193
4 193
224 167
436 193
648 176
860 192
1080 184
1292 176
1504 193
1716 167
1928 193
2148 176
2360 192
2572 188
2784 176
2996 193
3216 167
3428 193
3640 176
3852 192
4064 192
4284 176
4496 193
4708 167
4920 193
5132 176
5352 192
5564 192
5776 176
5988 193
6204 167
6416 193
6632 176
6844 184
7056 192
7272 176
7484 193
7696 167
7912 193
8124 176
8340 184
8552 192
8764 176
8976 193
9192 167
9408 192
9620 176
9832 184
10044 192
10264 176
10476 195
10688 167
10900 192
11112 177
11332 184
11544 192
11756 174
11968 193
12180 167
12400 192
12612 177
12824 184
13036 192
13248 167
13468 195
13680 167
13892 192
14104 184
14316 179
14536 192
14748 167
14960 195
15172 167
15392 192
15604 184
15816 179
16028 192
16240 167
16460 195
16672 174
16884 192
17096 184
17308 176
17528 192
17740 167
17952 193
18164 167
18376 192
18592 184
18808 176
19020 192
19232 167
19444 193
19660 174
19876 192
20088 184
20300 176
20516 192
20728 167
20940 195
21152 176
21368 192
21584 184
21796 176
22008 193
22220 167
22432 195
22652 176
22864 192
23076 192
23288 176
23500 193
23720 167
23932 193
24144 176
24356 192
24568 192
24788 176
25000 193
25212 167
25424 193
25644 176
25856 188
26068 192
26280 176
26492 193
26712 167
26924 192
27136 176
27348 184
27560 192
27780 174
27992 193
28204 167
28416 192
28628 176
28848 184
29060 192
29272 176
29484 193
29696 167
29916 192
30128 176
30340 184
30552 192
30768 167
30984 193
31196 167
31408 192
31620 177
31836 184
32052 192
32264 174
32476 195
32688 167
32904 192
33116 184
33332 184
33544 192
33756 174
33972 195
34184 167
34396 192
34612 184
34824 179
35040 192
35252 167
35464 195
35676 174
35896 192
36108 184
36320 177
36532 192
36744 167
36964 195
37176 174
37388 192
37600 184
37812 176
38032 192
38244 167
38456 195
38668 176
38880 192
39100 184
39312 176
39524 193
39736 167
39948 193
40168 176
40380 192
40592 184
40804 176
41020 192
41236 167
41448 195
41660 176
41872 192
42088 184
42300 176
42516 193
42728 167
42940 193
43156 176
43368 192
43580 192
43796 176
44008 193
44224 167
44436 193
44648 176
44860 188
45080 192
45292 176
45504 193
45716 167
45928 193
46148 176
46360 184
46572 192
46784 176
46996 195
47216 167
47428 193
47640 176
47852 184
48064 192
48284 176
48496 193
48708 167
48920 193
49132 176
49352 184
49564 192
49776 176
49988 195
50208 167
50420 192
50632 176
50844 184
51056 192
51276 176
51488 195
51700 167
51912 192
52124 177
52344 184
52556 192
52768 174
52980 195
53192 167
53412 192
53624 179
53836 184
54048 192
54260 167
54476 193
4 176
224 193
436 167
648 193
860 176
1072 184
1292 192
1504 176
1716 193
1928 167
2148 193
2360 176
2572 184
2784 192
2996 176
3216 193
3428 167
3640 193
3852 176
4064 184
4284 192
4496 176
4708 195
4920 167
5132 192
5352 176
5564 184
5776 192
5988 174
6200 195
6420 167
6632 192
6844 177
7056 184
7272 192
7488 172
7700 195
7912 167
8124 192
8340 177
8552 184
8768 192
8980 167
9192 195
9408 167
9620 192
9832 184
10048 177
10260 192
10476 174
10688 195
10900 167
11112 192
11328 184
11544 177
11756 192
11968 167
12180 195
12400 176
12612 192
12824 184
13036 177
13248 192
13468 167
13680 195
13892 176
14104 192
14316 184
14536 176
14748 192
14960 167
15172 193
15384 176
15604 192
15816 184
16028 176
16240 193
16452 167
16672 195
16884 176
17096 192
17308 188
17528 176
17740 193
17952 167
18164 193
18376 176
18596 192
18808 192
19020 176
19232 193
19444 167
19664 193
19876 176
20088 188
20300 192
20512 176
20728 193
20944 167
21156 193
21368 176
21580 184
21796 192
22012 176
22224 193
22436 167
22652 193
22864 176
23076 184
23292 192
23504 176
23720 195
23932 167
24144 192
24356 177
24572 184
24788 192
25000 176
25212 195
25424 167
25636 192
25856 177
26068 184
26280 192
26492 167
26704 195
26924 167
27136 192
27348 177
27560 179
27780 192
27992 167
28204 195
28416 167
28628 192
28848 179
29060 179
29272 192
29484 167
29696 195
29912 167
30128 192
30340 184
30552 177
30764 192
30980 167
31196 195
31408 174
31620 192
31832 184
32048 177
32260 192
32476 167
32688 195
32904 174
33116 192
33328 184
33540 176
33756 193
33972 167
34184 193
34396 174
34608 192
34820 184
35040 176
35252 192
35464 167
35676 193
35888 176
36108 192
36320 184
36532 176
36744 193
36964 167
37176 193
37388 176
37600 192
37812 192
38032 176
38244 193
38456 167
38668 193
38880 176
39100 192
39312 192
39524 176
39736 193
39948 167
40168 193
40380 176
40592 184
40804 192
41016 176
41236 193
41448 167
41660 193
41872 176
42092 184
42304 192
42516 176
42728 195
42940 167
43156 193
43372 176
43584 184
43796 192
44008 176
44224 195
44440 167
44652 192
44864 177
45076 184
45292 192
45504 167
45720 193
45932 167
46144 192
46360 176
46572 184
46784 192
47000 167
47216 195
47428 167
47640 192
47852 179
48064 179
48284 192
48496 167
48708 195
48920 167
49132 192
49352 184
49564 179
49776 192
49988 167
50200 195
50420 172
50632 192
50844 184
51056 177
51268 192
51488 167
51700 195
51912 174
52124 192
52344 184
52556 177
52768 192
52980 167
53192 195
53412 176
53624 192
53836 184
54048 176
54260 192
54480 167
4 192
224 184
436 177
648 192
860 167
1072 195
1292 172
1504 192
1716 184
1928 176
2140 192
2360 167
2572 195
2784 176
2996 192
3208 184
3424 176
3640 193
3852 167
4064 195
4280 176
4492 192
4708 184
4920 176
5132 192
5348 167
5560 193
5772 176
5988 192
6200 188
6416 176
6628 193
6840 167
7052 193
7268 176
7484 192
7696 188
7908 176
8120 193
8332 167
8552 193
8764 176
8976 188
9188 192
9408 176
9620 193
9832 167
10044 193
10256 176
10476 188
10688 192
10900 176
11112 195
11324 167
11544 193
11756 176
11968 184
12180 192
12392 167
12612 192
12824 167
13036 192
13248 176
13460 184
13680 192
13892 174
14104 193
14316 167
14536 192
14748 176
14960 184
15172 192
15384 174
15604 195
15816 167
16028 192
16240 177
16452 184
16668 192
16884 176
17096 195
17308 167
17520 192
17736 179
17952 184
18164 192
18376 167
18588 195
18804 174
19016 192
19232 184
19444 179
19660 192
19872 167
20084 195
20296 172
20512 192
20728 184
20940 177
21152 192
21364 167
21576 195
21796 174
22008 192
22220 184
22432 176
22644 192
22864 167
23076 193
23288 167
23500 192
23712 184
23932 176
24144 192
24356 167
24568 193
24788 176
25000 192
25212 184
25424 176
25636 193
25856 167
26068 193
26280 176
26492 192
26704 188
26924 176
27136 193
27348 167
27560 193
27772 176
27992 192
28204 192
28416 176
28628 193
28848 167
29060 193
29272 176
29484 188
29696 192
29912 176
30128 195
30340 167
30552 193
30764 176
30980 184
31196 192
31408 176
31620 193
31832 167
32048 193
32260 176
32476 184
32688 192
32900 176
33116 193
33328 167
33540 192
33752 177
33972 184
34184 192
34396 176
34608 195
34820 167
35040 192
35252 177
35464 184
35676 192
35888 167
36108 193
36320 167
36532 192
36744 177
36956 184
37176 192
37388 172
37600 195
37812 167
38024 192
38244 184
38456 184
38668 192
38880 167
39100 195
39312 167
39524 192
39736 184
39948 177
40168 192
40380 167
40592 195
40804 174
41016 192
41236 184
41448 177
41660 192
41872 167
42084 193
42304 167
42516 192
42728 184
42940 176
43152 192
43368 167
43584 193
43796 174
44008 192
44224 184
44436 176
44652 193
44864 167
45076 193
45292 176
45504 192
45716 184
45932 176
46144 193
46360 167
46572 195
46784 176
46996 192
47212 192
47428 176
47640 193
47852 167
48064 193
48276 176
48496 192
48708 192
48920 176
49132 193
49352 167
49564 193
49776 176
49988 184
50200 192
50420 176
50632 193
50844 167
51056 193
51268 176
51488 184
51700 192
51912 176
52124 193
52336 167
52556 192
52768 176
52980 184
53192 192
53404 174
53624 195
53836 167
54048 192
54260 177
54480 184
4 176
216 193
436 167
648 192
860 176
1072 184
1292 188
1504 176
1716 193
1928 167
2140 193
2360 176
2572 184
2784 192
2996 176
3208 195
3428 167
3640 193
3852 176
4064 184
4276 192
4496 176
4708 195
4920 167
5132 192
5344 177
5564 184
5776 192
5988 176
6200 195
6420 167
6632 192
6844 177
7056 184
7268 192
7488 174
7700 195
7912 167
8124 192
8336 177
8552 184
8768 192
8980 172
9192 195
9404 167
9620 192
9836 184
10048 177
10260 192
10472 167
10688 193
10900 167
11116 192
11328 184
11544 177
11756 192
11968 167
12180 195
12396 174
12612 192
12824 184
13036 177
13248 192
13460 167
13680 195
13892 174
14104 192
14316 184
14528 176
14748 193
14960 167
15172 193
15384 176
15596 192
15816 184
16028 176
16240 193
16452 167
16672 195
16884 176
17096 192
17308 188
17520 176
17740 193
17952 167
18164 193
18376 176
18588 192
18808 188
19020 176
19232 193
19444 167
19656 192
19876 176
20088 184
20300 188
20512 176
20728 192
20944 167
21156 193
21368 176
21580 184
21796 192
22012 176
22224 193
22436 167
22648 192
22864 176
23076 184
23292 192
23504 176
23716 193
23932 167
24144 193
24356 176
24572 184
24784 192
25000 176
25212 195
25424 167
25636 192
25856 176
26068 184
26280 192
26492 174
26704 195
26924 167
27136 192
27348 177
27560 184
27772 192
27992 174
28204 195
28416 167
28628 192
28840 184
29060 184
29272 192
29484 167
29696 195
29908 167
30128 192
30340 184
30552 179
30764 192
30984 167
31196 195
31408 167
31620 192
31832 184
32052 177
32264 192
32476 167
32688 195
32900 174
33120 192
33332 184
33544 176
33756 192
33968 167
34188 195
34400 176
34612 192
34824 184
35036 176
35252 192
35468 167
35680 193
35892 176
36108 192
36320 184
36536 176
36748 193
36960 167
37176 193
37388 176
37600 192
37816 188
38028 176
38244 193
38456 167
38668 193
38880 176
39096 188
39312 192
39524 176
39736 193
39948 167
40160 193
40380 176
40592 188
40804 192
41016 176
41236 193
41448 167
41660 193
41872 176
42084 184
42304 192
42516 176
42728 193
42940 167
43152 193
43372 176
43584 184
43796 192
44008 176
44220 195
44440 167
44652 193
44864 176
45076 184
45288 192
45508 176
45720 195
45932 167
46144 192
46364 177
46576 184
46788 192
47000 174
47212 195
47432 167
47644 192
47856 177
48068 184
48280 192
48496 172
48712 195
48924 167
49136 192
49348 179
49564 179
49780 192
49992 167
50204 193
50416 167
50632 192
50844 177
51060 176
51272 192
51488 167
51700 193
51912 167
52124 192
52340 184
52556 177
52768 192
52980 167
53192 195
53404 176
53624 192
53836 184
54048 176
54260 192
54472 167
4 192
216 167
432 195
644 167
856 192
1072 184
1284 177
1500 192
1712 167
1924 195
2136 174
2356 192
2568 184
2780 177
2992 192
3204 167
3424 195
3636 174
3848 192
4060 184
4272 176
4492 192
4704 167
4916 195
5128 176
5340 192
5560 184
5772 176
5984 192
6196 167
6408 193
6628 174
6840 192
7052 184
7264 176
7484 192
7696 167
7908 193
8120 176
8332 192
8552 184
8764 176
8976 193
9188 167
9400 193
9620 176
9832 192
10044 188
10256 176
10468 193
10684 167
10900 193
11112 176
11324 184
11536 192
11752 176
11968 193
12180 167
12392 193
12608 176
12820 184
13032 192
13248 176
13460 193
13676 167
13888 192
14100 176
14312 184
14528 192
14744 176
14956 195
15168 167
15380 192
15592 177
15812 184
16024 192
16236 174
16448 195
16660 167
16880 192
17092 177
17304 184
17516 192
17736 172
17948 195
18160 167
18372 192
18584 179
18804 184
19016 192
19228 174
19440 195
19652 167
19872 192
20084 184
20296 179
20508 192
20720 167
20940 195
21152 167
21364 192
21576 184
21788 177
22008 192
22220 167
22432 195
22644 174
22864 192
23076 184
23288 177
23500 192
23712 167
23928 195
24144 176
24356 192
24568 184
24780 176
24996 192
25212 167
25424 195
25636 176
25848 192
26064 184
26276 176
26492 193
26704 167
26916 193
27132 176
27344 192
27556 184
27768 176
27988 192
28200 167
28412 192
28624 176
28836 184
29056 188
29268 176
29480 193
29692 167
29904 193
30120 176
30336 188
30548 192
30760 176
30972 193
31188 167
31400 193
31616 176
31828 184
32040 192
32256 176
32468 193
32680 167
32896 193
33112 176
33324 184
33536 192
33748 176
33960 195
34180 167
34392 192
34604 177
34816 184
35028 192
35248 176
35460 195
35672 167
35884 192
36096 177
36316 184
36528 192
36740 174
36952 195
37172 167
37384 192
37596 177
37808 184
38020 192
38240 174
38452 195
38664 167
38876 192
39088 184
39308 179
39520 192
39732 167
39944 195
40156 172
40376 192
40588 184
40800 177
41012 192
41224 167
41444 195
41656 174
41868 192
42080 184
42296 177
42512 192
42724 167
42936 195
43148 176
43364 192
43580 184
43792 176
44004 192
44216 167
44432 193
44644 176
44856 192
45072 184
45284 176
45500 193
45712 167
45924 195
46136 176
46352 192
46568 184
46780 176
46992 193
47204 167
47424 193
47636 176
47848 192
48060 192
48272 176
48492 193
48704 167
48916 193
49128 176
49340 188
49560 192
49772 176
49984 193
50196 167
50408 193
50628 176
50840 184
51052 192
51264 176
51476 193
51696 167
51908 193
52120 176
52332 184
52552 192
52764 176
52976 195
53188 167
53400 192
53620 176
53832 184
54044 192
54256 174
54468 195
4 184
216 177
436 192
648 167
860 195
1072 174
1284 192
1504 184
1716 177
1928 192
2140 167
2352 195
2572 174
2784 192
2996 184
3208 176
3420 192
3640 167
3852 195
4064 176
4276 192
4492 184
4708 176
4920 192
5132 167
5344 193
5560 176
5776 192
5988 184
6200 176
6412 192
6628 167
6840 193
7056 176
7268 192
7480 192
7696 176
7908 193
8120 167
8336 193
8548 176
8764 192
8976 192
9188 176
9400 193
9620 167
9832 193
10044 176
10256 184
10468 192
10688 176
10900 193
11112 167
11324 193
11536 176
11756 184
11968 192
12180 176
12392 195
12604 167
12824 193
13036 176
13248 184
13460 192
13672 176
13892 195
14104 167
14316 192
14528 177
14744 184
14960 192
15172 174
15384 193
15596 167
15812 192
16024 177
16240 184
16452 192
16664 167
16880 195
17092 167
17304 192
17520 184
17732 177
17948 192
18160 167
18372 195
18584 167
18804 192
19016 184
19228 177
19440 192
19652 167
19872 195
20084 167
20296 192
20508 184
20720 177
20940 192
21152 167
21364 195
21576 174
21788 192
22008 184
22220 177
22432 192
22644 167
22856 195
23076 176
23288 192
23500 184
23712 176
23932 192
24144 167
24356 195
24568 176
24780 192
25000 184
25212 176
25424 193
25636 167
25848 193
26068 176
26280 192
26492 188
26704 176
26916 193
27136 167
27348 193
27560 176
27772 188
27984 192
28200 176
28416 193
28628 167
28840 193
29056 176
29268 184
29480 192
29696 176
29908 193
30124 167
30336 193
30548 176
30760 184
30976 192
31192 176
31404 195
31616 167
31828 193
32040 176
32260 184
32472 192
32684 176
32896 193
33108 167
33328 192
33540 176
33752 184
33964 192
34184 176
34396 193
34608 167
34820 192
35032 177
35252 184
35464 192
35676 167
35888 195
36100 167
36320 192
36532 179
36744 184
36956 192
37168 167
37388 195
37600 167
37812 192
38024 184
38236 177
38456 192
38668 167
38880 195
39092 174
39312 192
39524 184
39736 177
39948 192
40160 167
40376 195
40592 174
40804 192
41016 184
41228 176
41444 192
41660 167
41872 195
42084 176
42296 192
42512 184
42724 176
42940 193
43152 167
43364 195
43580 176
43792 192
44004 184
44216 176
44436 193
44648 167
44860 193
45072 176
45284 192
45504 188
45716 176
45928 193
46140 167
46352 193
46568 176
46784 188
46996 192
47208 176
47420 193
47636 167
47848 193
48064 176
48276 184
48488 192
48704 176
48916 193
49128 167
49344 193
49560 176
49772 184
49984 192
50196 176
50408 195
50628 167
50840 193
51052 176
51264 184
51476 192
51696 176
51908 195
52120 167
52332 192
52544 177
52764 184
52976 192
53188 174
53400 195
53620 167
53832 192
54044 177
54256 184
54468 192
4 193
216 167
432 193
648 176
860 192
1072 188
1284 176
1504 193
1716 167
1928 193
2140 176
2352 188
2572 192
2784 176
2996 193
3208 167
3420 193
3640 176
3852 184
4064 192
4276 176
4488 193
4708 167
4920 193
5132 176
5344 184
5564 192
5776 176
5988 193
6200 167
6412 192
6632 176
6844 184
7056 192
7268 174
7480 193
7700 167
7912 192
8124 176
8336 184
8548 192
8764 176
8980 195
9192 167
9404 192
9616 179
9832 184
10048 192
10260 172
10472 195
10688 167
10900 192
11112 179
11328 184
11540 192
11756 172
11968 193
12180 167
12392 192
12608 179
12824 177
13036 192
13248 167
13460 193
13672 167
13892 192
14104 184
14316 177
14528 192
14740 167
14960 195
15172 174
15384 192
15596 184
15816 177
16028 192
16240 167
16452 195
16664 176
16884 192
17096 184
17308 176
17520 193
17732 167
17952 195
18164 176
18376 192
18588 184
18800 176
19020 192
19232 167
19444 193
19656 176
19868 192
20088 184
20300 176
20512 193
20724 167
20940 193
21156 176
21368 192
21580 192
21792 176
22008 193
22224 167
22436 193
22648 176
22860 188
23076 192
23288 176
23504 193
23716 167
23928 193
24144 176
24356 184
24568 192
24784 176
24996 193
25212 167
25424 193
25636 176
25848 184
26068 192
26280 176
26492 193
26704 167
26916 192
27136 176
27348 184
27560 192
27772 176
27984 195
28204 167
28416 192
28628 177
28840 184
29052 192
29272 174
29484 195
29696 167
29908 192
30120 177
30340 184
30552 192
30764 167
30976 195
31196 167
31408 192
31620 184
31832 179
32044 192
32264 167
32476 195
32688 167
32900 192
33112 184
33332 176
33544 192
33756 167
33968 193
34180 174
34400 192
34612 184
34824 176
35036 192
35252 167
35468 195
35680 174
35892 192
36104 184
36320 176
36532 192
36748 167
36960 195
37172 176
37388 192
37600 184
37812 176
38028 193
38240 167
38456 195
38668 176
38880 192
39092 188
39308 176
39524 193
39736 167
39948 195
40160 176
40380 192
40592 192
40804 176
41016 193
41228 167
41448 193
41660 176
41872 188
42084 192
42296 176
42516 192
42728 167
42940 192
43152 176
43364 184
43584 192
43796 176
44008 193
44220 167
44432 193
44652 176
44864 184
45076 192
45288 176
45508 193
45720 167
45932 192
46144 176
46356 184
46576 192
46788 176
47000 195
47212 167
47424 192
47644 177
47856 184
48068 192
48280 174
48492 195
48708 167
48924 192
49136 177
49348 184
49560 192
49776 172
49992 195
50204 167
50416 192
50632 179
50844 184
51056 192
51272 174
51484 195
51700 167
51912 192
52124 184
52336 177
52552 192
52768 167
52980 195
53192 174
53404 192
53616 184
53836 177
54048 192
54260 167
54472 195
