4 287
224 287
436 287
648 287
860 287
1080 287
1292 287
1504 287
1716 287
1928 287
2148 287
2360 287
2572 287
2784 287
2996 287
3216 287
3428 287
3640 287
3852 287
4064 287
4284 287
4496 287
4708 286
4920 286
5132 284
5352 280
5564 280
5776 280
5988 271
6204 271
6420 271
6632 255
6844 255
7056 255
7272 255
7488 255
7700 255
7912 255
8124 255
8340 255
8552 254
8768 252
8980 248
9192 248
9408 241
9620 240
9832 240
10048 231
10260 231
10476 231
10688 227
10900 224
11112 224
11332 224
11544 216
11756 216
11968 211
12180 207
12400 207
12612 199
12824 199
13036 195
13248 193
13468 192
13680 192
13892 184
14104 184
14316 179
14536 176
14748 176
14960 167
15172 167
15384 167
15604 163
15816 163
16028 159
16240 159
16460 159
16672 159
16884 159
17096 158
17308 158
17528 156
17740 156
17952 156
18164 156
18376 156
18596 156
18808 156
19020 156
19232 156
19444 156
19660 158
19876 158
20088 159
20300 159
20512 159
20728 159
20944 159
21156 159
21368 159
21584 163
21796 167
22008 167
22224 167
22436 167
22652 176
22864 176
23076 176
23288 177
23504 179
23720 184
23932 184
24144 188
24356 192
24568 192
24788 192
25000 193
25212 195
25424 199
25644 199
25856 199
26068 207
26280 207
26492 211
26712 216
26924 216
27136 220
27348 224
27560 224
27780 227
27992 227
28204 231
28416 238
28628 240
28848 240
29060 248
29272 248
29484 252
29696 254
29916 255
30128 255
30340 255
30552 255
30772 255
30984 255
31196 271
31408 271
31620 280
31840 280
32052 280
32264 284
32476 284
32688 286
32904 287
33120 287
33332 287
33544 287
33756 287
33972 287
34188 287
34400 287
34612 287
34824 287
35040 287
35252 287
35468 287
35680 287
35896 287
36108 287
36320 287
36532 287
36748 287
36964 287
37176 287
37388 287
37600 286
37812 286
38032 284
38244 280
38456 280
38668 280
38880 280
39100 271
39312 271
39524 255
39736 255
39948 255
40168 255
40380 255
40592 255
40804 255
41024 255
41236 255
41448 254
41660 252
41872 248
42092 248
42304 243
42516 240
42728 240
42940 231
43160 231
43372 231
43584 227
43796 224
44008 224
44228 224
44440 216
44652 216
44864 211
45076 207
45296 206
45508 199
45720 199
45932 195
46148 192
46364 192
46576 192
46788 184
47000 184
47216 177
47432 176
47644 176
47856 167
48068 167
48284 167
48496 163
48712 163
48924 159
49136 159
49352 159
49564 159
49776 159
49992 158
50204 158
50420 156
50632 156
50844 156
51056 156
51276 156
51488 156
51700 156
51912 156
52124 156
52344 156
52556 158
52768 158
52980 159
53192 159
53412 159
53624 159
53836 159
54048 159
54260 159
54480 163
4 176
224 167
436 167
648 167
860 163
1072 159
1288 159
1504 159
1716 159
1928 159
2140 159
2356 158
2568 158
2784 158
2996 156
3212 156
3424 156
3636 156
3848 156
4064 156
4280 156
4492 156
4704 158
4916 158
5128 159
5348 159
5560 159
5772 159
5984 159
6196 159
6416 159
6628 163
6840 163
7052 167
7272 167
7484 167
7696 167
7908 176
8120 176
8340 176
8552 177
8764 184
8976 184
9188 184
9408 192
9620 192
9832 192
10044 192
10256 193
10476 195
10688 199
10900 199
11112 206
11324 207
11544 207
11756 216
11968 216
12180 220
12400 224
12612 224
12824 225
13036 227
13248 231
13464 231
13680 240
13892 240
14104 243
14316 248
14532 248
14748 252
14960 255
15172 255
15384 255
15600 255
15812 255
16028 255
16240 271
16452 271
16668 280
16880 280
17092 280
17308 284
17524 286
17736 287
17948 287
18160 287
18372 287
18592 287
18804 287
19016 287
19228 287
19440 287
19660 287
19872 287
20084 287
20296 287
20508 287
20728 287
20940 287
21152 287
21364 287
21576 287
21796 287
22008 287
22220 287
22432 287
22652 286
22864 286
23076 284
23288 284
23500 280
23720 280
23932 271
24144 271
24356 271
24568 255
24788 255
25000 255
25212 255
25424 255
25636 255
25856 255
26068 255
26280 255
26492 255
26704 252
26924 252
27136 248
27348 248
27560 241
27776 240
27992 240
28204 231
28416 231
28628 227
28844 225
29056 224
29272 224
29484 220
29696 216
29912 216
30124 207
30336 207
30552 206
30764 199
30980 199
31192 195
31404 192
31616 192
31832 192
32048 184
32260 184
32472 177
32684 176
32904 176
33116 167
33328 167
33540 167
33752 163
33972 159
34184 159
34396 159
34608 159
34820 159
35040 159
35252 158
35464 158
35676 156
35888 156
36108 156
36320 156
36532 156
36744 156
36956 156
37176 156
37388 156
37600 156
37812 158
38028 158
38240 159
38456 159
38668 159
38880 159
39096 159
39308 159
39520 159
39736 163
39948 163
40164 167
40376 167
40588 167
40800 174
41016 176
41232 176
41444 177
41656 184
41868 184
42088 184
42300 192
42512 192
42724 192
42936 192
43156 195
43368 195
43580 199
43792 199
44004 206
44224 207
44436 207
44648 216
44860 216
45072 220
45292 224
45504 224
45716 224
45928 227
46140 231
46360 231
46572 240
46784 240
46996 241
47216 248
47428 248
47640 252
47852 255
48064 255
48284 255
48496 255
48708 255
48920 255
49132 271
49348 271
49564 280
49776 280
49988 280
50200 284
50416 284
50632 287
50844 287
51056 287
51268 287
51484 287
51696 287
51912 287
52124 287
52340 287
52552 287
52764 291
52976 287
53192 287
53408 287
53620 287
53832 287
54044 287
54256 287
54476 287
4 252
220 254
436 255
648 255
860 255
1072 255
1288 255
1504 255
1716 271
1928 271
2140 280
2356 280
2568 284
2784 284
2996 286
3208 287
3424 287
3636 287
3848 287
4064 287
4280 287
4492 287
4704 287
4916 287
5128 287
5348 287
5560 287
5772 287
5984 287
6196 287
6416 287
6628 287
6840 287
7052 287
7264 287
7484 287
7696 287
7908 287
8120 286
8332 284
8552 284
8764 280
8976 280
9188 280
9408 280
9620 271
9832 271
10044 15
10256 255
10476 255
10688 255
10900 255
11112 255
11324 255
11544 255
11756 255
11968 254
12180 252
12392 248
12612 248
12824 243
13036 241
13248 240
13460 236
13680 231
13892 231
14104 227
14316 225
14532 224
14748 224
14960 220
15172 216
15384 216
15600 207
15812 207
16028 199
16240 199
16452 195
16668 193
16880 192
17092 192
17308 188
17520 184
17736 179
17948 176
18160 176
18372 174
18588 167
18804 167
19016 167
19228 163
19440 159
19660 159
19872 159
20084 159
20296 159
20508 158
20728 158
20940 156
21152 156
21364 156
21576 156
21796 156
22008 156
22220 156
22432 156
22644 156
22864 156
23076 158
23288 158
23500 158
23720 159
23932 159
24144 159
24356 159
24568 159
24788 159
25000 163
25212 163
25424 167
25636 167
25856 167
26068 167
26280 176
26492 176
26704 176
26924 179
27136 184
27348 184
27560 184
27772 192
27988 192
28204 192
28416 193
28628 195
28844 199
29056 199
29268 199
29484 207
29696 207
29912 207
30124 216
30336 216
30548 220
30764 224
30980 224
31192 225
31404 227
31616 231
31828 231
32048 240
32260 240
32472 243
32684 248
32896 248
33116 254
33328 255
33540 255
33752 255
33972 255
34184 255
34396 255
34608 271
34820 271
35040 280
35252 280
35464 284
35676 284
35888 286
36108 287
36320 287
36532 287
36744 287
36956 287
37176 287
37388 287
37600 287
37812 287
38024 287
38244 287
38456 287
38668 287
38880 287
39100 287
39312 287
39524 287
39736 287
39948 287
40164 287
40380 287
40592 287
40804 287
41016 286
41232 286
41448 284
41660 284
41872 280
42084 280
42300 280
42512 271
42728 271
42940 271
43152 255
43368 255
43580 255
43792 255
44008 255
44224 255
44436 255
44648 255
44860 255
45072 252
45292 248
45504 248
45716 248
45928 241
46140 240
46360 240
46572 231
46784 231
46996 227
47208 225
47428 224
47640 224
47852 220
48064 216
48276 211
48496 207
48708 207
48920 199
49132 199
49352 195
49564 193
49776 192
49988 192
50200 192
50420 184
50632 184
50844 176
51056 176
51268 174
51488 167
51700 167
51912 163
52124 163
52336 159
52556 159
52768 159
52980 159
53192 159
53404 158
53624 158
53836 156
54048 156
54260 156
54476 156
4 240
216 231
432 231
644 227
860 225
1072 224
1288 224
1500 220
1712 216
1924 216
2140 207
2356 207
2568 206
2780 199
2992 199
3204 195
3424 192
3636 192
3848 192
4060 184
4272 184
4492 177
4704 176
4916 176
5128 167
5340 167
5560 167
5772 163
5984 163
6196 159
6416 159
6628 159
6840 159
7052 159
7264 158
7484 158
7696 156
7908 156
8120 156
8332 156
8552 156
8764 156
8976 156
9188 156
9400 156
9620 156
9832 156
10044 159
10256 159
10468 159
10688 159
10900 159
11112 159
11324 159
11540 159
11756 163
11968 167
12180 167
12392 167
12608 167
12820 176
13036 176
13248 176
13460 177
13676 184
13888 184
14100 184
14316 192
14528 192
14744 192
14956 192
15168 193
15380 195
15596 199
15812 199
16024 199
16236 207
16448 207
16668 211
16880 216
17092 216
17304 224
17516 224
17736 224
17948 227
18160 231
18372 231
18584 238
18804 240
19016 241
19228 248
19440 248
19652 252
19872 255
20084 255
20296 255
20508 255
20728 255
20940 255
21152 271
21364 271
21576 280
21796 280
22008 280
22220 284
22432 284
22644 286
22864 287
23076 287
23288 287
23500 287
23712 287
23932 287
24144 287
24356 287
24568 287
24780 287
24996 287
25212 291
25424 287
25636 287
25852 287
26064 287
26280 287
26492 287
26704 287
26920 287
27132 287
27344 287
27560 286
27772 286
27988 284
28200 284
28412 280
28624 280
28840 280
29056 280
29268 271
29480 271
29692 255
29904 255
30124 255
30336 255
30548 255
30760 255
30980 255
31192 255
31404 255
31616 252
31828 252
32048 248
32260 248
32472 241
32684 240
32896 240
33116 231
33328 231
33540 231
33752 227
33964 224
34184 224
34396 224
34608 220
34820 216
35032 207
35252 207
35464 206
35676 199
35888 199
36108 195
36320 192
36532 192
36744 192
36956 184
37176 184
37388 177
37600 176
37812 176
38024 167
38240 167
38456 167
38668 163
38880 159
39092 159
39308 159
39524 159
39736 159
39948 159
40160 158
40376 158
40588 156
40804 156
41016 156
41232 156
41444 156
41656 156
41868 156
42084 156
42300 156
42512 156
42724 158
42936 158
43148 159
43368 159
43580 159
43792 159
44004 159
44216 159
44436 159
44648 163
44860 167
45072 167
45284 167
45504 167
45716 176
45928 176
46140 176
46360 177
46572 184
46784 184
46996 184
47208 188
47428 192
47640 192
47852 192
48064 193
48276 195
48492 199
48708 199
48920 199
49132 207
49344 207
49560 211
49772 216
49988 216
50200 220
50412 224
50628 224
50840 227
51052 231
51268 231
51484 236
51696 240
51908 240
52120 248
52332 248
52552 252
52764 255
52976 255
53188 255
53400 255
53620 255
53832 255
54044 255
54256 271
54468 275
4 188
216 192
436 192
648 192
860 193
1072 195
1284 199
1500 199
1716 199
1928 207
2140 207
2356 211
2568 216
2784 216
2996 220
3208 224
3424 224
3636 225
3848 227
4064 231
4276 231
4492 240
4704 240
4916 248
5128 248
5344 252
5560 255
5772 255
5984 255
6196 255
6408 255
6628 255
6840 255
7052 271
7264 271
7484 280
7696 280
7908 280
8120 284
8332 284
8552 287
8764 287
8976 287
9188 287
9400 287
9620 287
9832 287
10044 287
10256 287
10468 287
10688 287
10900 291
11112 287
11324 287
11536 287
11756 287
11968 287
12180 287
12392 287
12612 287
12824 287
13036 287
13248 287
13460 286
13680 284
13892 284
14104 280
14316 280
14528 280
14744 280
14960 271
15172 271
15384 271
15596 255
15812 255
16028 255
16240 255
16452 255
16664 255
16880 255
17092 255
17308 254
17520 252
17736 248
17948 248
18160 243
18372 240
18588 240
18804 231
19016 231
19228 231
19440 227
19652 224
19872 224
20084 224
20296 216
20508 216
20720 211
20940 207
21152 207
21364 199
21576 199
21788 195
22008 193
22220 192
22432 192
22644 184
22864 184
23076 177
23288 176
23500 176
23712 167
23932 167
24144 167
24356 163
24568 159
24780 159
25000 159
25212 159
25424 159
25636 159
25848 158
26068 158
26280 156
26492 156
26704 156
26916 156
27136 156
27348 156
27560 156
27772 156
27988 156
28204 156
28416 156
28628 158
28840 158
29056 159
29272 159
29484 159
29696 159
29908 159
30124 159
30336 163
30552 167
30764 167
30976 167
31192 167
31404 174
31616 176
31832 176
32044 176
32260 177
32472 184
32684 184
32896 188
33116 192
33328 192
33540 192
33752 193
33964 195
34184 199
34396 199
34608 199
34820 207
35032 207
35252 209
35464 216
35676 216
35888 220
36100 224
36320 224
36532 225
36744 227
36956 231
37176 231
37388 240
37600 240
37812 248
38024 248
38244 252
38456 254
38668 255
38880 255
39092 255
39312 255
39524 255
39736 255
39948 271
40160 271
40380 280
40592 280
40804 284
41016 284
41228 286
41444 287
41660 287
41872 287
42084 287
42300 287
42512 287
42728 287
42940 287
43152 287
43368 287
43580 287
43792 287
44008 287
44220 287
44436 287
44648 287
44860 287
45072 287
45288 287
45504 287
45716 287
45928 287
46140 287
46352 286
46572 284
46784 284
46996 280
47208 280
47428 280
47640 280
47852 271
48064 271
48276 271
48496 255
48708 255
48920 255
49132 255
49344 255
49564 255
49776 255
49988 255
50200 254
50412 252
50632 248
50844 248
51056 248
51268 240
51480 240
51700 231
51912 231
52124 231
52336 227
52556 224
52768 224
52980 224
53192 216
53404 216
53624 211
53836 207
54048 207
54260 199
54472 199
4 280
216 280
436 280
648 271
860 271
1072 271
1284 255
1504 255
1716 255
1928 255
2140 255
2352 255
2572 255
2784 255
2996 255
3208 252
3420 252
3640 248
3852 248
4064 241
4276 240
4496 240
4708 231
4920 231
5132 227
5344 225
5564 224
5776 224
5988 220
6200 216
6412 216
6632 207
6844 207
7056 206
7268 199
7480 199
7700 195
7912 192
8124 192
8336 192
8548 184
8764 184
8976 177
9188 176
9400 176
9620 167
9832 167
10044 167
10256 163
10468 159
10688 159
10900 159
11112 159
11324 158
11536 158
11756 156
11968 156
12180 156
12392 156
12604 156
12824 156
13036 156
13248 156
13460 156
13672 156
13892 156
14104 158
14316 158
14528 158
14744 159
14956 159
15172 159
15384 159
15596 159
15812 159
16024 163
16236 163
16452 167
16664 167
16880 167
17092 167
17304 176
17516 176
17732 176
17948 177
18160 184
18372 184
18584 184
18804 192
19016 192
19228 192
19440 192
19652 195
19872 195
20084 199
20296 199
20508 206
20720 207
20940 207
21152 216
21364 216
21576 220
21788 224
22008 224
22220 224
22432 227
22644 231
22856 231
23076 240
23288 240
23500 241
23712 248
23932 248
24144 252
24356 255
24568 255
24780 255
25000 255
25212 255
25424 255
25636 271
25848 271
26064 280
26280 280
26492 280
26704 284
26916 284
27132 286
27348 287
27560 287
27772 287
27984 287
28200 287
28412 287
28628 287
28840 287
29056 287
29268 291
29480 287
29692 287
29908 291
30124 287
30336 287
30548 287
30760 287
30972 287
31192 287
31404 287
31616 287
31828 287
32040 287
32260 286
32472 284
32684 284
32896 280
33108 280
33328 280
33540 275
33752 271
33964 271
34184 255
34396 255
34608 255
34820 255
35032 255
35252 255
35464 255
35676 255
35888 254
36100 252
36320 248
36532 248
36744 248
36956 241
37168 240
37388 240
37600 231
37812 231
38024 227
38236 225
38456 224
38668 224
38880 220
39092 216
39308 216
39524 207
39736 207
39948 206
40160 199
40376 199
40592 195
40804 192
41016 192
41228 192
41444 184
41656 184
41872 177
42084 176
42296 176
42512 167
42724 167
42936 167
43152 163
43364 159
43580 159
43792 159
44004 159
44216 159
44436 159
44648 158
44860 156
45072 156
45284 156
45504 156
45716 156
45928 156
46140 156
46352 156
46572 156
46784 156
46996 158
47208 158
47420 158
47640 159
47852 159
48064 159
48276 159
48488 159
48708 159
48920 163
49132 163
49344 167
49560 167
49776 167
49988 167
50200 174
50412 176
50628 176
50840 177
51056 179
51268 184
51480 184
51696 192
51908 192
52120 192
52336 192
52548 193
52764 195
52976 199
53188 199
53400 199
53620 207
53832 207
54044 216
54256 216
54468 220
4 156
216 156
428 158
648 158
860 159
1072 159
1284 159
1504 159
1716 159
1928 159
2140 159
2352 163
2572 167
2784 167
2996 167
3208 167
3420 176
3640 176
3852 176
4064 177
4276 184
4488 184
4708 184
4920 192
5132 192
5344 192
5560 192
5776 193
5988 195
6200 199
6412 199
6628 206
6840 207
7056 207
7268 211
7480 216
7696 220
7908 224
8120 224
8336 224
8548 227
8764 231
8976 231
9188 238
9400 240
9616 241
9832 248
10044 248
10256 252
10468 254
10688 255
10900 255
11112 255
11324 255
11536 255
11756 271
11968 271
12180 271
12392 280
12604 280
12824 280
13036 280
13248 284
13460 286
13672 287
13892 287
14104 287
14316 287
14528 287
14740 287
14960 287
15172 287
15384 287
15596 287
15816 287
16028 287
16240 287
16452 287
16664 287
16884 287
17096 287
17308 287
17520 287
17732 287
17948 287
18164 286
18376 284
18588 284
18800 280
19016 280
19232 280
19444 280
19656 280
19868 271
20084 271
20296 255
20512 255
20724 255
20940 255
21152 255
21364 255
21576 255
21792 255
22008 255
22220 254
22432 252
22644 248
22856 248
23076 241
23288 240
23500 240
23712 231
23924 231
24144 231
24356 227
24568 224
24780 224
24992 224
25212 216
25424 216
25636 207
25848 207
26068 206
26280 199
26492 199
26704 195
26916 193
27136 192
27348 192
27560 184
27772 184
27984 177
28204 176
28416 176
28628 167
28840 167
29052 167
29272 163
29484 159
29696 159
29908 159
30120 159
30336 159
30548 159
30760 158
30972 158
31192 156
31404 156
31616 156
31828 156
32040 156
32260 156
32472 156
32684 156
32896 156
33108 158
33324 158
33540 158
33752 159
33964 159
34176 159
34392 159
34604 159
34820 159
35032 163
35244 163
35460 167
35672 167
35884 167
36100 167
36316 174
36528 176
36740 176
36952 177
37164 179
37384 184
37596 184
37808 188
38020 192
38232 192
38452 192
38664 193
38876 195
39088 199
39300 199
39520 199
39732 207
39944 207
40156 211
40376 216
40588 216
40800 224
41012 224
41224 224
41444 227
41656 231
41868 231
42080 236
42292 240
42512 240
42724 248
42936 248
43148 252
43360 254
43580 255
43792 255
44004 255
44216 255
44428 255
44648 271
44860 271
45072 275
45284 280
45500 280
45716 284
45928 284
46140 287
46352 287
46568 287
46784 287
46996 287
47208 287
47420 287
47636 287
47848 287
48064 287
48276 287
48488 287
48704 287
48916 287
49128 287
49344 287
49556 287
49772 287
49984 287
50196 287
50408 287
50628 287
50840 287
51052 287
51264 286
51476 284
51696 284
51908 280
52120 280
52332 280
52544 280
52764 271
52976 271
53188 255
53400 255
53612 255
53832 255
54044 255
54256 255
54468 255
4 287
216 287
432 287
648 287
860 287
1072 287
1284 287
1496 287
1716 287
1928 287
2140 287
2352 287
2572 287
2784 287
2996 287
3208 287
3420 287
3640 287
3852 287
4064 287
4276 287
4488 286
4708 284
4920 284
5132 280
5344 280
5556 280
5776 280
5988 271
6200 271
6412 255
6624 255
6844 255
7056 255
7268 255
7480 255
7700 255
7912 255
8124 255
8336 254
8548 252
8768 248
8980 248
9192 248
9404 240
9616 240
9832 240
10048 231
10260 231
10472 227
10684 225
10900 224
11116 224
11328 220
11540 216
11752 216
11968 207
12180 207
12396 199
12608 199
12824 195
13036 195
13248 192
13460 192
13676 192
13892 184
14104 184
14316 177
14528 176
14740 176
14960 167
15172 167
15384 167
15596 163
15808 159
16028 159
16240 159
16452 159
16664 159
16876 159
17096 158
17308 156
17520 158
17732 156
17952 156
18164 156
18376 156
18588 156
18800 156
19020 156
19232 156
19444 158
19656 158
19868 159
20088 159
20300 159
20512 159
20724 159
20936 159
21156 159
21368 163
21580 163
21792 167
22004 167
22220 167
22432 174
22644 176
22856 176
23076 176
23288 177
23500 184
23712 184
23924 184
24144 192
24356 192
24568 192
24780 193
24992 195
25208 195
25424 199
25636 199
25848 206
26060 207
26276 207
26488 216
26704 216
26916 220
27128 224
27344 224
27556 225
27768 227
27984 231
28200 231
28412 240
28624 240
28836 241
29048 248
29268 252
29480 252
29692 255
29904 255
30116 255
30336 255
30548 255
30760 255
30972 271
31184 271
31404 280
31616 280
31828 280
32040 284
32260 286
32472 286
32684 287
32896 287
33108 287
33328 287
33540 287
33752 287
33964 287
34176 287
34396 287
34608 287
34820 287
35032 287
35244 287
35464 287
35676 287
35888 287
36100 287
36312 287
36532 287
36744 287
36956 287
37168 287
37384 286
37600 284
37812 284
38024 284
38236 280
38452 280
38664 280
38880 271
39092 271
39304 271
39520 255
39732 255
39944 255
40160 255
40372 255
40588 255
40800 255
41012 255
41224 254
41440 252
41656 248
41868 248
42080 248
42292 241
42512 240
42724 240
42936 231
43148 231
43360 227
43580 225
43792 224
44004 224
44216 220
44428 216
44648 216
44860 207
45072 207
45284 199
45496 199
45716 199
45928 195
46140 192
46352 192
46564 192
46784 184
46996 184
47208 177
47420 176
47640 176
47852 167
48064 167
48276 167
48488 163
48708 159
48920 159
49132 159
49344 159
49556 159
49776 159
49988 158
50200 156
50412 158
50624 156
50840 156
51056 156
51268 156
51480 156
51692 156
51908 156
52124 156
52336 158
52548 158
52764 159
52976 159
53188 159
53404 159
53616 159
53832 159
54044 159
54256 163
54468 163
4 188
216 184
428 184
648 177
860 176
1072 176
1284 167
1496 167
1716 167
1928 163
2140 159
2352 159
2564 159
2784 159
2996 159
3208 159
3420 158
3632 158
3852 156
4064 156
4276 156
4488 156
4708 156
4920 156
5132 156
5344 156
5556 158
5776 158
5988 159
6200 159
6412 159
6624 159
6844 159
7056 159
7268 159
7480 163
7692 163
7912 167
8124 167
8336 167
8548 167
8760 174
8976 176
9192 176
9404 177
9616 179
9832 184
10044 184
10260 188
10472 192
10684 192
10900 192
11112 193
11324 195
11540 199
11752 199
11968 199
12180 207
12392 207
12604 207
12820 216
13036 216
13248 220
13460 224
13672 224
13884 225
14104 227
14316 231
14528 231
14740 240
14960 240
15172 243
15384 248
15596 252
15808 254
16028 255
16240 255
16452 255
16664 255
16876 255
17096 255
17308 271
17520 271
17732 280
17944 280
18160 280
18376 284
18588 284
18800 286
19012 287
19228 287
19444 287
19656 287
19868 287
20084 287
20296 287
20508 287
20724 287
20936 287
21152 287
21364 287
21576 287
21788 287
22004 287
22220 287
22432 287
22644 287
22856 287
23068 287
23288 287
23500 286
23712 286
23924 284
24144 284
24356 280
24568 280
24780 280
24992 280
25212 271
25424 271
25636 255
25848 255
26060 255
26280 255
26492 255
26704 255
26916 255
27128 255
27348 255
27560 254
27772 252
27984 248
28196 248
28416 248
28628 240
28840 240
29052 240
29272 231
29484 231
29696 227
29908 225
30120 224
30336 224
30552 220
30764 216
30976 216
31188 207
31404 207
31620 199
31832 199
32044 195
32256 193
32472 192
32684 192
32900 192
33112 184
33324 184
33540 177
33752 176
33964 174
34180 167
34396 167
34608 167
34820 163
35032 159
35244 159
35464 159
35676 159
35888 159
36100 159
36312 158
36532 158
36744 158
36956 158
37168 156
37380 156
37600 156
37812 156
38024 156
38236 156
38448 158
38668 158
38880 159
39092 159
39304 159
39524 159
39736 159
39948 159
40160 159
40372 159
40592 163
40804 167
41016 167
41228 167
41440 167
41660 176
41872 176
42084 176
42296 177
42508 179
42728 184
42940 184
43152 188
43364 192
43576 192
43796 192
44008 193
44220 195
44432 199
44648 199
44864 199
45076 207
45288 207
45500 207
45716 216
45928 216
46144 220
46356 224
46568 224
46784 225
46996 227
47208 231
47424 231
47636 240
47852 240
48064 241
48276 248
48488 248
48704 252
48920 255
49132 255
49344 255
49556 255
49776 255
49988 255
50200 271
50412 271
50624 280
50844 280
51056 280
51268 284
51480 284
51692 286
51912 287
52124 287
52336 287
52548 287
52760 287
52980 287
53192 287
53404 287
53616 287
53828 287
54048 287
54260 287
54472 287
4 224
216 225
428 227
640 231
856 231
1072 240
1284 240
1496 241
1712 248
1924 248
2136 252
2352 255
2564 255
2780 255
2992 255
3204 255
3416 255
3632 271
3848 271
4060 280
4272 280
4484 280
4696 284
4916 284
5128 286
5340 287
5552 287
5764 287
5984 287
6196 287
6408 287
6620 287
6840 287
7052 287
7264 287
7476 287
7688 287
7908 287
8120 287
8332 287
8544 287
8756 287
8972 287
9188 287
9400 287
9612 287
9824 286
10040 286
10252 284
10468 284
10680 280
10892 280
11108 280
11320 271
11532 271
11748 255
11964 255
12176 255
12388 255
12600 255
12812 255
13032 255
13244 255
13456 255
13668 255
13880 254
14100 252
14312 248
14524 248
14736 248
14948 241
15168 240
15380 238
15592 231
15804 231
16024 227
16236 225
16448 224
16660 224
16872 220
17092 216
17304 216
17516 207
17728 207
17940 206
18160 199
18372 199
18584 195
18796 192
19008 192
19228 192
19440 184
19652 184
19864 177
20076 176
20296 176
20508 167
20720 167
20932 167
21148 163
21364 159
21576 159
21788 159
22000 159
22216 159
22432 159
22644 158
22856 158
23068 158
23284 156
23496 156
23712 156
23924 156
24136 156
24352 156
24564 158
24776 158
24992 158
25204 159
25420 159
25632 159
25844 159
26056 159
26276 159
26488 159
26700 163
26912 163
27124 167
27344 167
27556 167
27768 167
27980 174
28192 176
28412 176
28624 177
28836 179
29048 184
29260 184
29480 188
29692 192
29904 192
30116 192
30328 192
30548 195
30760 199
30972 199
31184 199
31404 207
31616 207
31828 207
32040 216
32252 216
32472 220
32684 224
32896 224
33108 225
33320 227
33540 231
33752 231
33964 240
34176 240
34388 241
34608 248
34820 248
35032 252
35244 255
35456 255
35672 255
35888 255
36100 255
36312 255
36528 271
36740 271
36956 280
37168 280
37380 280
37596 284
37808 284
38020 286
38236 287
38448 287
38664 287
38876 287
39088 287
39300 287
39516 287
39732 287
39944 287
40156 287
40368 287
40580 287
40800 287
41012 287
41224 287
41436 287
41656 287
41868 287
42080 287
42292 287
42504 287
42724 287
42936 286
43148 284
43360 284
43572 280
43792 280
44004 280
44216 280
44428 271
44640 271
44856 255
45072 255
45284 255
45496 255
45708 255
45924 255
46140 255
46352 255
46564 255
46780 255
46992 252
47204 252
47420 248
47632 248
47848 240
48060 240
48272 240
48484 231
48700 231
48916 227
49128 225
49340 224
49552 224
49764 220
49984 216
50196 216
50408 207
50620 207
50840 206
51052 199
51264 199
51476 195
51688 192
51908 192
52120 192
52332 184
52544 184
52756 179
52976 176
53188 176
53400 167
53612 167
53824 167
54044 163
54256 159
54468 159
