4 88
216 96
436 99
648 103
860 112
1072 120
1284 127
1504 127
1716 135
1928 143
2140 152
2360 158
2572 159
2784 167
2996 176
3208 184
3428 192
3640 195
3852 199
4064 207
4276 216
4496 224
4708 225
4920 231
5132 240
5344 248
5564 254
5776 255
5988 255
6200 255
6412 280
6628 284
6840 287
7052 295
7264 304
7484 312
7696 312
7908 316
8120 316
8332 312
8552 312
8764 305
8976 304
9188 295
9400 287
9616 287
9832 280
10044 271
10256 255
10468 255
10684 255
10900 252
11112 248
11324 240
11536 231
11752 225
11964 224
12180 216
12392 207
12608 199
12820 193
13032 192
13244 184
13460 176
13676 167
13888 159
14100 158
14312 152
14524 143
14744 135
14956 127
15168 126
15380 120
15592 112
15812 103
16024 99
16236 96
16448 88
16668 79
16880 71
17092 67
17304 63
17516 60
17736 56
17948 56
18160 56
18372 56
18584 60
18804 63
19016 63
19228 71
19440 78
19652 79
19872 88
20084 96
20296 99
20508 103
20720 112
20940 120
21152 124
21364 127
21576 135
21792 143
22008 152
22220 156
22432 159
22644 167
22860 176
23076 184
23288 192
23500 193
23712 199
23928 207
24140 216
24356 220
24568 224
24780 231
24996 240
25208 248
25420 252
25636 255
25848 255
26064 255
26276 275
26488 284
26700 287
26920 291
27132 295
27344 304
27556 312
27768 312
27988 312
28200 312
28412 312
28624 305
28836 304
29056 295
29268 291
29480 287
29692 284
29904 280
30124 255
30336 255
30548 255
30760 254
30972 248
31192 240
31404 231
31616 227
31828 224
32048 216
32260 207
32472 199
32684 195
32896 192
33116 184
33328 176
33540 167
33752 163
33964 159
34184 152
34396 143
34608 135
34820 127
35032 127
35252 120
35464 113
35676 103
35888 99
36100 96
36316 88
36532 81
36744 78
36956 71
37172 63
37384 60
37600 56
37812 56
38024 56
38240 56
38452 60
38664 63
38880 63
39092 71
39308 71
39520 79
39732 88
39944 96
40160 97
40376 103
40588 112
40800 120
41012 124
41224 127
41444 127
41656 142
41868 143
42080 152
42300 159
42512 167
42724 174
42936 177
43148 188
43368 192
43580 195
43792 199
44004 207
44216 216
44436 224
44648 227
44860 231
45072 241
45284 248
45500 255
45716 255
45928 255
46140 271
46352 280
46568 287
46784 287
46996 295
47208 304
47424 312
47636 316
47848 316
48064 312
48276 312
48492 312
48704 304
48916 295
49128 295
49344 287
49560 284
49772 280
49984 271
50196 255
50408 255
50628 255
50840 248
51052 241
51264 231
51484 227
51696 224
51908 216
52120 207
52332 199
52552 195
52764 192
52976 184
53188 177
53400 174
53620 163
53832 159
54044 152
54256 143
54468 142
4 316
220 316
432 316
644 312
856 312
1076 304
1288 295
1500 295
1712 287
1924 284
2144 280
2356 271
2568 255
2780 255
2992 255
3212 248
3424 240
3636 231
3848 227
4060 224
4280 216
4492 207
4704 199
4916 195
5128 192
5348 184
5560 177
5772 174
5984 167
6204 159
6416 156
6628 143
6840 142
7052 127
7272 127
7484 124
7696 115
7908 112
8120 103
8340 96
8552 92
8764 88
8976 79
9188 71
9404 63
9620 62
9832 56
10044 56
10256 56
10472 56
10688 56
10900 62
11112 63
11328 63
11540 71
11752 79
11968 88
12180 92
12396 96
12608 103
12820 110
13032 113
13248 120
13464 127
13676 127
13888 135
14100 143
14312 152
14532 159
14744 163
14956 167
15168 176
15380 184
15600 192
15812 195
16024 199
16236 207
16456 216
16668 224
16880 227
17092 231
17304 240
17524 248
17736 254
17948 255
18160 255
18372 271
18592 280
18804 284
19016 287
19228 295
19440 304
19660 312
19872 312
20084 316
20296 316
20508 312
20728 312
20940 304
21152 304
21364 295
21584 287
21796 286
22008 280
22220 271
22432 255
22648 255
22864 255
23076 252
23288 243
23500 240
23716 231
23932 224
24144 220
24356 211
24568 207
24784 199
24996 192
25212 192
25424 184
25636 176
25852 167
26064 159
26276 156
26492 152
26708 143
26920 127
27132 127
27344 124
27556 120
27776 112
27988 103
28200 97
28412 96
28624 88
28844 79
29056 71
29268 63
29480 63
29692 56
29912 56
30124 56
30336 56
30548 56
30768 60
30980 63
31192 63
31404 71
31616 78
31836 83
32048 88
32260 96
32472 99
32684 103
32904 112
33116 120
33328 126
33540 127
33752 135
33972 143
34184 152
34396 158
34608 159
34820 167
35040 176
35252 184
35464 192
35676 193
35892 199
36108 207
36320 216
36532 224
36744 225
36960 231
37176 240
37388 248
37600 252
37812 255
38028 255
38240 255
38456 280
38668 284
38880 287
39096 295
39308 304
39520 307
39736 312
39948 316
40164 316
40376 312
40588 312
40800 305
41020 304
41232 295
41444 287
41656 287
41868 284
42088 271
42300 255
42512 255
42724 255
42936 252
43156 248
43368 240
43580 231
43792 225
44004 224
44224 216
44436 207
44648 199
44860 193
45072 192
45292 184
45504 176
45716 167
45928 159
46148 158
46360 152
46572 143
46784 135
46996 127
47216 126
47428 120
47640 112
47852 103
48064 99
48284 96
48496 88
48708 79
48920 78
49132 67
49348 63
49564 60
49776 56
49988 56
50200 56
50416 56
50632 60
50844 63
51056 63
51272 71
51484 78
51696 79
51912 88
52124 96
52340 97
52552 103
52764 112
52976 120
53192 124
53408 127
53620 127
53832 143
54044 152
54256 156
54476 159
4 56
220 56
436 56
648 56
860 62
1072 63
1288 67
1504 71
1716 79
1928 88
2144 92
2356 96
2568 103
2784 110
2996 113
3212 120
3424 127
3636 127
3848 135
4064 143
4280 152
4492 159
4704 163
4916 167
5128 176
5348 184
5560 192
5772 195
5984 199
6196 207
6416 216
6628 224
6840 227
7052 231
7272 240
7484 248
7696 255
7908 255
8120 255
8340 271
8552 280
8764 286
8976 287
9188 295
9408 304
9620 312
9832 312
10044 316
10256 316
10476 312
10688 312
10900 304
11112 302
11324 295
11544 287
11756 286
11968 280
12180 271
12396 255
12612 255
12824 255
13036 248
13248 241
13464 240
13680 231
13892 224
14104 220
14316 211
14532 206
14744 199
14960 192
15172 192
15384 184
15600 176
15812 167
16024 159
16240 156
16452 152
16668 143
16880 127
17092 127
17304 124
17524 120
17736 112
17948 103
18160 97
18372 92
18592 88
18804 79
19016 71
19228 63
19440 63
19660 56
19872 56
20084 56
20296 56
20508 56
20728 60
20940 63
21152 63
21364 71
21584 79
21796 83
22008 88
22220 96
22432 99
22652 103
22864 112
23076 120
23288 126
23500 127
23720 135
23932 143
24144 152
24356 158
24568 159
24788 167
25000 176
25212 184
25424 192
25636 193
25856 199
26068 207
26280 216
26492 224
26708 225
26924 231
27136 240
27348 248
27560 254
27776 255
27988 255
28204 255
28416 280
28628 284
28844 287
29056 295
29268 304
29484 312
29696 312
29912 316
30124 316
30336 312
30548 312
30764 305
30980 304
31192 295
31404 287
31616 287
31836 280
32048 271
32260 255
32472 255
32684 255
32904 252
33116 248
33328 240
33540 231
33752 225
33972 220
34184 211
34396 206
34608 199
34820 192
35040 192
35252 184
35464 176
35676 167
35888 159
36108 156
36320 152
36532 143
36744 135
36964 127
37176 126
37388 120
37600 112
37812 103
38032 99
38244 96
38456 88
38668 79
38880 71
39100 67
39312 63
39524 60
39736 56
39948 56
40164 56
40380 56
40592 60
40804 63
41016 63
41232 71
41448 78
41660 79
41872 88
42088 96
42300 97
42512 103
42728 112
42940 120
43156 124
43368 127
43580 127
43792 143
44008 147
44224 156
44436 159
44648 167
44860 176
45072 184
45292 192
45504 192
45716 199
45928 207
46140 216
46360 220
46572 224
46784 231
46996 240
47216 248
47428 252
47640 255
47852 255
48064 255
48284 275
48496 284
48708 287
48920 295
49132 300
49348 305
49564 312
49776 316
49988 316
50200 312
50416 312
50632 305
50844 304
51056 295
51268 287
51484 287
51696 284
51912 280
52124 255
52340 255
52552 255
52764 254
52976 248
53192 240
53408 231
53620 227
53832 224
54044 216
54256 207
54476 199
4 96
216 88
428 79
640 71
852 63
1072 63
1284 60
1496 56
1708 56
1920 56
2140 56
2352 60
2564 63
2776 63
2988 71
3208 79
3420 81
3632 88
3844 96
4056 99
4276 103
4488 112
4700 120
4912 126
5128 127
5344 135
5556 143
5768 152
5980 156
6196 159
6412 167
6624 176
6836 184
7048 192
7264 193
7476 199
7692 207
7904 216
8116 224
8332 225
8544 231
8756 240
8972 248
9184 252
9400 255
9612 255
9824 255
10036 280
10256 284
10468 287
10680 295
10892 304
11104 307
11324 312
11536 316
11748 316
11960 312
12172 312
12392 305
12604 304
12816 295
13028 287
13240 287
13460 284
13672 271
13884 255
14096 255
14308 255
14528 252
14740 248
14952 240
15164 231
15380 225
15592 224
15808 216
16020 207
16232 199
16448 193
16660 192
16872 184
17088 176
17300 167
17516 159
17728 158
17940 152
18152 143
18368 135
18584 127
18796 126
19008 120
19220 112
19440 103
19652 99
19864 96
20076 88
20288 79
20508 71
20720 71
20932 63
21144 60
21356 56
21576 56
21788 56
22000 56
22212 60
22424 63
22644 63
22856 71
23068 78
23280 79
23492 88
23712 96
23924 97
24136 103
24348 112
24568 120
24780 124
24992 127
25204 127
25416 143
25636 147
25848 156
26060 159
26272 167
26484 176
26704 179
26916 188
27128 192
27340 199
27552 206
27768 209
27984 216
28196 224
28408 231
28620 240
28836 241
29052 252
29264 255
29476 255
29692 255
29904 271
30116 280
30332 287
30544 287
30760 295
30972 304
31184 312
31396 316
31612 316
31828 312
32040 312
32252 312
32464 304
32676 295
32896 291
33108 287
33320 284
33532 280
33744 271
33964 255
34176 255
34388 254
34600 248
34820 240
35032 231
35244 227
35456 224
35668 216
35888 207
36100 199
36312 195
36524 192
36736 184
36956 176
37168 167
37380 163
37592 159
37804 152
38024 143
38236 135
38448 127
38660 127
38872 120
39092 113
39304 103
39516 103
39728 96
39948 92
40160 83
40372 79
40584 71
40796 63
41012 62
41228 56
41440 56
41652 56
41864 56
42080 60
42296 62
42508 63
42720 67
42932 71
43148 79
43360 88
43576 92
43788 96
44000 103
44216 112
44428 113
44640 120
44852 127
45072 127
45284 135
45496 143
45708 152
45920 159
46140 163
46352 167
46564 177
46776 184
46988 192
47204 195
47420 199
47632 207
47844 216
48056 224
48272 227
48484 231
48700 240
48912 248
49124 255
49340 255
49552 255
49764 271
49980 280
50196 286
50408 287
50620 295
50832 304
51044 312
51264 312
51476 316
51688 316
51900 312
52112 312
52332 304
52544 300
52756 295
52968 287
53180 286
53400 280
53612 271
53824 255
54036 255
54256 255
54468 248
8 295
224 304
436 312
648 312
860 316
1080 316
1292 312
1504 312
1716 304
1928 302
2148 295
2360 287
2572 286
2784 280
2996 271
3216 255
3428 255
3640 255
3852 248
4064 241
4284 240
4496 231
4708 224
4920 220
5136 211
5352 206
5564 199
5776 192
5988 192
6204 184
6420 176
6632 167
6844 159
7056 156
7272 152
7484 143
7700 127
7912 127
8124 124
8340 120
8552 112
8764 103
8980 97
9192 96
9408 88
9620 79
9832 71
10044 63
10264 63
10476 56
10688 56
10900 56
11112 56
11332 56
11544 60
11756 63
11968 63
12180 71
12400 79
12612 83
12824 88
13036 96
13248 99
13468 103
13680 112
13892 120
14104 126
14316 127
14536 135
14748 143
14960 152
15172 158
15392 159
15604 167
15816 176
16028 184
16240 192
16460 193
16672 199
16884 207
17096 216
17308 224
17528 225
17740 231
17952 240
18164 248
18376 252
18592 255
18808 255
19020 255
19232 280
19444 284
19660 287
19876 295
20088 304
20300 307
20516 312
20728 316
20940 316
21156 312
21368 312
21584 305
21796 304
22008 295
22220 287
22436 287
22652 280
22864 271
23076 255
23288 255
23500 255
23720 252
23932 248
24144 240
24356 231
24568 225
24788 220
25000 216
25212 207
25424 199
25644 193
25856 192
26068 184
26280 176
26492 167
26712 159
26924 158
27136 152
27348 143
27560 135
27780 127
27992 126
28204 120
28416 112
28628 103
28848 99
29060 96
29272 88
29484 79
29696 71
29916 67
30128 63
30340 60
30552 56
30772 56
30984 56
31196 56
31408 60
31620 63
31836 63
32052 71
32264 78
32476 79
32688 88
32904 96
33120 97
33332 103
33544 112
33756 120
33972 124
34184 127
34400 127
34612 143
34824 152
35040 156
35252 159
35464 167
35680 176
35896 184
36108 192
36320 192
36532 199
36744 206
36964 216
37176 220
37388 224
37600 231
37812 240
38032 243
38244 252
38456 255
38668 255
38880 255
39100 271
39312 280
39524 287
39736 291
39956 302
40168 305
40380 312
40592 316
40804 316
41024 312
41236 312
41448 307
41660 304
41872 295
42092 287
42304 287
42516 284
42728 280
42940 255
43160 255
43372 255
43584 254
43796 248
44008 240
44228 231
44440 225
44652 224
44864 216
45080 207
45296 199
45508 195
45720 192
45932 184
46148 176
46364 167
46576 163
46788 159
47000 152
47216 143
47428 135
47644 127
47856 127
48068 120
48284 112
48496 103
48708 99
48924 96
49136 92
49352 83
49564 78
49776 71
49988 63
50208 60
50420 56
50632 56
50844 56
51056 56
51276 60
51488 63
51700 63
51912 71
52124 71
52344 79
52556 88
52768 92
52980 96
53192 103
53412 112
53624 115
53836 124
54048 127
54260 127
54480 135
4 103
220 99
432 96
644 88
856 79
1068 78
1288 71
1500 63
1712 60
1924 56
2144 56
2356 56
2568 56
2780 60
2992 63
3212 63
3424 71
3636 71
3848 79
4060 88
4280 96
4492 97
4704 103
4916 112
5128 120
5348 124
5560 127
5772 127
5984 142
6204 152
6416 156
6628 159
6840 167
7052 176
7272 179
7484 188
7696 192
7908 199
8120 206
8336 211
8552 220
8764 224
8976 227
9188 236
9404 241
9620 248
9832 255
10044 255
10256 255
10472 271
10684 280
10900 287
11112 287
11328 295
11540 304
11752 312
11964 312
12180 312
12396 312
12608 312
12820 307
13032 304
13244 295
13464 295
13676 287
13888 284
14100 280
14312 271
14532 255
14744 255
14956 255
15168 248
15380 240
15600 231
15812 227
16024 224
16236 216
16456 207
16668 199
16880 195
17092 192
17304 184
17524 177
17736 172
17948 163
18160 159
18372 152
18592 143
18804 135
19016 127
19228 127
19440 124
19660 115
19872 110
20084 103
20296 96
20508 92
20728 88
20940 79
21152 71
21364 63
21580 62
21796 56
22008 56
22220 56
22432 56
22648 60
22860 62
23076 63
23288 67
23500 71
23716 79
23928 88
24140 92
24356 96
24568 103
24784 110
24996 113
25208 120
25420 127
25636 127
25852 135
26064 143
26276 152
26488 159
26708 163
26920 167
27132 176
27344 184
27556 192
27776 195
27988 199
28200 207
28412 216
28624 224
28844 227
29056 231
29268 240
29480 248
29692 255
29912 255
30124 255
30336 271
30548 280
30760 286
30980 287
31192 295
31404 304
31616 312
31836 312
32048 312
32260 312
32472 312
32684 307
32904 304
33116 295
33328 295
33540 287
33752 286
33972 280
34184 271
34396 255
34608 255
34820 255
35036 252
35252 243
35464 240
35676 231
35888 224
36104 220
36320 211
36532 206
36744 199
36960 192
37172 192
37384 184
37600 176
37812 167
38028 159
38240 156
38452 152
38664 143
38880 127
39096 127
39308 124
39520 120
39732 112
39944 103
40164 97
40376 92
40588 88
40800 79
41020 71
41232 63
41444 63
41656 56
41868 56
42088 56
42300 56
42512 56
42724 60
42936 63
43156 63
43368 71
43580 79
43792 83
44004 88
44224 96
44436 99
44648 103
44860 112
45072 120
45292 126
45504 127
45716 135
45928 143
46148 152
46360 158
46572 159
46784 167
46996 176
47216 184
47428 192
47640 193
47852 199
48064 207
48280 216
48496 224
48708 225
48920 231
49132 240
49348 248
49564 252
49776 255
49988 255
50200 255
50416 280
50628 284
50844 287
51056 295
51272 304
51484 312
51696 312
51908 316
52124 316
52340 312
52552 312
52764 305
52976 304
53188 295
53408 287
53620 287
53832 280
54044 271
54256 255
54476 255
4 255
220 255
432 255
648 271
860 280
1072 286
1288 287
1500 295
1712 304
1928 312
2144 316
2356 316
2568 316
2780 312
2992 312
3212 304
3424 295
3636 295
3848 287
4060 284
4280 280
4492 271
4704 255
4916 255
5128 255
5348 248
5560 241
5772 240
5984 227
6196 224
6416 220
6628 207
6840 206
7052 199
7272 192
7484 188
7696 179
7908 176
8120 167
8340 159
8552 156
8764 147
8976 142
9188 127
9408 127
9620 124
9832 120
10044 112
10256 103
10476 96
10688 92
10900 88
11112 79
11324 71
11544 63
11756 63
11968 56
12180 56
12396 56
12612 56
12824 56
13036 60
13248 63
13464 63
13676 71
13892 79
14104 88
14316 92
14532 96
14744 99
14956 103
15172 112
15384 120
15600 127
15812 127
16024 135
16236 143
16452 152
16668 158
16880 159
17092 167
17304 176
17524 184
17736 192
17948 193
18160 199
18372 207
18592 216
18804 224
19016 225
19228 231
19440 240
19660 248
19872 254
20084 255
20296 255
20508 255
20728 280
20940 284
21152 287
21364 295
21576 304
21796 312
22008 312
22220 316
22432 316
22652 312
22864 312
23076 304
23288 304
23500 295
23720 287
23932 287
24144 280
24356 271
24568 255
24788 255
25000 255
25212 252
25424 248
25636 240
25852 231
26068 224
26280 220
26492 216
26704 207
26920 199
27136 192
27348 192
27560 184
27776 176
27988 167
28200 159
28416 156
28628 152
28844 143
29056 135
29268 127
29480 126
29696 120
29912 112
30124 103
30336 99
30548 96
30760 88
30980 79
31192 71
31404 63
31616 63
31836 56
32048 56
32260 56
32472 56
32684 56
32904 60
33116 63
33328 63
33540 71
33752 78
33972 79
34184 88
34396 96
34608 99
34820 103
35040 112
35252 120
35464 126
35676 127
35888 135
36108 143
36320 152
36532 158
36744 159
36964 167
37176 176
37388 184
37600 192
37812 193
38028 199
38244 207
38456 216
38668 220
38880 224
39096 231
39312 240
39524 248
39736 252
39948 255
40164 255
40376 255
40592 275
40804 284
41016 287
41232 295
41444 302
41656 305
41872 312
42088 316
42300 316
42512 312
42724 312
42936 305
43156 304
43368 295
43580 287
43792 287
44004 284
44224 275
44436 255
44648 255
44860 255
45072 252
45292 248
45504 240
45716 231
45928 227
46140 224
46360 216
46572 207
46784 199
46996 195
47216 192
47428 184
47640 176
47852 167
48064 163
48284 158
48496 152
48708 143
48920 135
49132 127
49352 127
49564 120
49776 113
49988 103
50200 99
50420 96
50632 88
50844 81
51056 78
51268 71
51488 63
51700 60
51912 56
52124 56
52340 56
52556 56
52768 60
52980 63
53192 63
53408 71
53620 71
53836 79
54048 88
54260 96
54476 97
4 158
220 152
432 143
644 135
856 127
1072 126
1288 120
1500 112
1712 103
1924 99
2136 96
2356 88
2568 79
2780 71
2992 67
3212 63
3424 60
3636 56
3848 56
4060 56
4280 56
4492 60
4704 63
4916 63
5128 71
5348 78
5560 79
5772 88
5984 96
6196 97
6416 103
6628 112
6840 120
7052 124
7264 127
7484 127
7696 143
7908 152
8120 156
8340 159
8552 167
8764 176
8976 184
9188 192
9408 192
9620 199
9832 207
10044 211
10256 220
10472 224
10688 231
10900 240
11112 243
11324 252
11540 255
11756 255
11968 255
12180 271
12392 284
12608 287
12820 291
13036 300
13248 305
13464 312
13676 316
13888 316
14100 316
14316 312
14532 307
14744 304
14956 295
15168 291
15380 287
15600 284
15812 280
16024 255
16236 255
16448 255
16668 254
16880 248
17092 240
17304 231
17516 227
17736 224
17948 216
18160 207
18372 199
18592 195
18804 192
19016 184
19228 176
19440 167
19660 163
19872 159
20084 152
20296 143
20508 135
20728 127
20940 127
21152 120
21364 113
21576 103
21796 99
22008 96
22220 88
22432 83
22644 78
22864 71
23076 63
23288 60
23500 56
23716 56
23932 56
24144 56
24356 60
24568 62
24784 63
25000 71
25212 71
25424 79
25636 88
25852 92
26064 96
26280 103
26492 112
26704 113
26920 124
27132 127
27344 127
27560 142
27772 143
27988 152
28200 159
28412 163
28624 174
28844 177
29056 184
29268 192
29480 195
29692 199
29912 207
30124 216
30336 224
30548 227
30760 231
30980 241
31192 248
31404 255
31616 255
31828 255
32048 271
32260 280
32472 287
32684 287
32896 295
33116 304
33328 312
33540 316
33752 316
33968 316
34184 312
34396 312
34608 304
34820 295
35036 295
35248 287
35464 284
35676 280
35888 271
36104 255
36316 255
36528 255
36744 248
36956 241
37172 231
37384 227
37596 224
37808 216
38028 207
38240 199
38452 195
38664 192
38876 188
39096 177
39308 174
39520 167
39732 159
39944 156
40164 145
40376 142
40588 127
40800 127
41012 124
41232 115
41444 112
41656 103
41868 96
42080 92
42300 88
42512 79
42724 71
42936 63
43156 63
43368 56
43580 56
43792 56
44004 56
44224 56
44436 60
44648 63
44860 63
45072 71
45292 79
45504 88
45716 92
45928 96
46140 99
46356 103
46572 113
46784 120
46996 127
47208 127
47424 135
47640 143
47852 152
48064 158
48280 159
48492 167
48704 176
48920 184
49132 192
49348 195
49560 199
49772 207
49984 216
50200 224
50416 227
50628 231
50840 240
51052 248
51264 254
51484 255
51696 255
51908 271
52120 280
52332 284
52552 287
52764 295
52976 304
53188 312
53408 312
53620 316
53832 316
54044 312
54256 312
54476 304
4 159
224 167
436 176
648 184
860 192
1072 193
1292 199
1504 207
1716 216
1928 224
2140 225
2360 231
2572 240
2784 248
2996 252
3208 255
3428 255
3640 255
3852 280
4064 284
4276 287
4496 295
4708 304
4920 312
5132 312
5348 316
5560 316
5776 312
5988 312
6200 304
6416 304
6628 295
6840 287
7056 287
7268 280
7484 271
7696 255
7908 255
8120 255
8336 252
8552 248
8764 240
8976 231
9188 225
9408 220
9620 211
9832 206
10044 199
10256 192
10476 192
10688 184
10900 176
11112 167
11324 159
11544 156
11756 152
11968 143
12180 135
12392 127
12612 126
12824 120
13036 112
13248 103
13460 99
13680 96
13892 88
14104 79
14316 71
14536 67
14748 63
14960 60
15172 56
15384 56
15604 56
15816 56
16028 60
16240 63
16452 63
16672 71
16884 78
17096 79
17308 88
17520 96
17736 97
17952 103
18164 112
18376 120
18588 126
18804 127
19020 127
19232 143
19444 152
19660 156
19872 159
20084 167
20300 176
20512 184
20728 192
20940 192
21152 199
21364 207
21580 216
21796 220
22008 224
22220 231
22432 240
22644 248
22864 252
23076 255
23288 255
23500 255
23712 271
23932 284
24144 287
24356 295
24568 304
24788 305
25000 312
25212 316
25424 316
25636 312
25856 312
26068 305
26280 304
26492 295
26704 287
26924 287
27136 284
27348 280
27560 255
27772 255
27992 255
28204 254
28416 248
28628 240
28840 231
29060 225
29272 224
29484 216
29696 207
29916 199
30128 195
30340 192
30552 184
30764 176
30980 167
31196 159
31408 159
31620 152
31832 143
32048 135
32264 127
32476 127
32688 120
32900 113
33116 103
33328 99
33544 96
33756 88
33968 81
34184 78
34396 71
34608 63
34820 60
35040 56
35252 56
35464 56
35676 56
35888 60
36108 63
36320 63
36532 71
36744 71
36956 79
37172 88
37388 92
37600 97
37812 103
38024 112
38240 115
38452 124
38668 127
38880 127
39092 142
39308 143
39520 152
39732 159
39948 163
40164 167
40376 177
40588 184
40800 192
41012 195
41232 199
41444 207
41656 216
41868 224
42080 227
42300 236
42512 241
42724 248
42936 255
43148 255
43368 255
43580 271
43792 280
44004 287
44224 287
44436 295
44648 304
44860 312
45072 316
45292 316
45504 316
45716 312
45928 312
46140 304
46360 295
46572 295
46784 287
46996 286
47208 280
47428 271
47640 255
47852 255
48064 255
48276 248
48496 240
48708 231
48920 227
49132 224
49348 216
49564 207
49776 199
49988 195
50200 192
50416 184
50628 177
50844 176
51056 163
51268 159
51484 152
51696 145
51908 142
52124 127
52336 127
52552 124
52764 120
52976 112
53188 103
53404 97
53620 92
53832 88
54044 79
54256 71
54476 63
12 286
224 287
436 295
648 304
860 312
1080 316
1292 316
1504 316
1716 312
1928 312
2148 304
2360 302
2572 295
2784 287
2996 286
3216 280
3428 271
3640 255
3852 255
4064 255
4280 248
4496 241
4708 238
4920 231
5136 224
5348 220
5564 211
5776 206
5988 199
6204 192
6416 188
6628 179
6844 176
7056 167
7272 159
7484 156
7696 147
7908 143
8124 127
8340 127
8552 124
8764 120
8976 112
9188 103
9408 97
9620 92
9832 88
10044 79
10264 71
10476 63
10688 63
10900 56
11112 56
11332 56
11544 56
11756 56
11968 60
12180 63
12400 63
12612 71
12824 79
13036 83
13248 88
13468 96
13680 99
13892 103
14104 112
14316 120
14536 126
14748 127
14960 135
15172 143
15392 152
15604 158
15816 159
16028 167
16240 176
16460 184
16672 192
16884 193
17096 199
17308 207
17524 216
17740 224
17952 225
18164 231
18376 240
18592 248
18808 254
19020 255
19232 255
19444 255
19660 280
19872 284
20088 287
20300 295
20516 304
20728 312
20940 312
21152 316
21368 316
21584 312
21796 312
22008 305
22220 304
22432 295
22652 287
22864 287
23076 280
23288 271
23500 255
23720 255
23932 255
24144 252
24356 248
24568 240
24788 231
25000 225
25212 220
25424 216
25644 207
25856 199
26068 193
26280 192
26492 184
26712 176
26924 167
27136 159
27348 158
27560 152
27776 143
27992 135
28204 127
28416 126
28628 120
28844 112
29056 103
29272 99
29484 96
29696 88
29912 79
30124 71
30336 67
30552 63
30768 60
30980 56
31192 56
31404 56
31616 56
31836 60
32048 63
32260 63
32472 71
32684 78
32904 79
33116 88
33328 96
33540 99
33752 103
33972 112
34184 120
34396 124
34608 127
34828 127
35040 143
35252 152
35464 156
35676 159
35896 167
36108 176
36320 184
36532 192
36744 192
36964 199
37176 207
37388 216
37600 220
37812 224
38032 231
38244 240
38456 248
38668 252
38880 255
39100 255
39312 255
39524 275
39736 284
39952 287
40168 295
40380 304
40592 305
40804 312
41020 316
41232 316
41448 312
41660 312
41872 305
42088 304
42300 295
42512 287
42728 287
42940 284
43156 280
43368 255
43580 255
43792 255
44008 254
44224 248
44436 240
44648 231
44860 225
45080 224
45292 216
45504 207
45716 199
45928 195
46148 192
46360 184
46572 176
46784 167
46996 159
47216 159
47428 152
47640 143
47852 135
48064 127
48284 127
48496 120
48708 113
48920 103
49132 99
49352 96
49564 92
49776 83
49988 78
50208 71
50420 63
50632 60
50844 56
51056 56
51276 56
51488 56
51700 60
51912 63
52124 63
52344 71
52556 71
52768 79
52980 88
53192 94
53408 97
53624 103
53836 112
54048 115
54260 124
54476 127
