4 280
216 280
428 280
648 280
860 271
1072 271
1284 271
1496 255
1716 255
1928 255
2140 255
2352 255
2572 255
2784 255
2996 255
3208 255
3420 255
3640 254
3852 252
4064 248
4276 248
4488 241
4708 240
4920 240
5132 231
5344 231
5556 227
5776 225
5988 224
6200 224
6412 216
6624 216
6844 207
7056 207
7268 199
7480 199
7696 195
7912 192
8124 192
8336 192
8548 184
8764 184
8980 184
9192 177
9404 176
9616 176
9832 176
10044 172
10260 167
10472 167
10684 167
10900 167
11112 167
11324 167
11540 167
11752 167
11968 167
12180 167
12392 167
12604 167
12824 167
13036 167
13248 167
13460 174
13672 176
13892 176
14104 176
14316 176
14528 179
14740 184
14960 184
15172 184
15384 192
15596 192
15808 192
16028 192
16240 193
16452 195
16664 199
16884 199
17096 207
17308 207
17520 207
17732 216
17952 216
18164 220
18376 224
18588 224
18800 227
19020 231
19232 231
19444 240
19656 240
19868 248
20088 248
20300 252
20512 255
20724 255
20936 255
21156 255
21368 255
21580 255
21792 255
22008 271
22224 271
22436 271
22648 280
22860 280
23076 280
23288 280
23500 280
23716 280
23928 280
24144 280
24356 280
24568 280
24780 280
24996 280
25212 280
25424 280
25636 280
25848 280
26060 271
26280 271
26492 271
26704 255
26916 255
27136 255
27348 255
27560 255
27772 255
27984 255
28204 255
28416 255
28628 254
28840 252
29052 248
29272 248
29484 243
29696 240
29908 240
30120 231
30340 231
30552 227
30764 224
30976 224
31188 220
31408 216
31620 216
31832 207
32044 207
32264 206
32476 199
32688 195
32900 193
33112 192
33332 192
33544 192
33756 184
33968 184
34180 177
34396 176
34612 176
34824 176
35036 174
35248 167
35464 167
35680 167
35892 167
36104 167
36316 167
36532 167
36744 167
36960 167
37172 167
37388 167
37600 167
37812 167
38024 167
38240 167
38456 174
38668 176
38880 176
39092 176
39304 176
39524 177
39736 184
39948 184
40160 184
40372 192
40592 192
40804 192
41016 192
41228 193
41440 195
41660 199
41872 199
42084 206
42296 207
42516 207
42728 216
42940 216
43152 220
43364 224
43584 224
43796 225
44008 231
44220 231
44432 240
44648 240
44864 248
45076 248
45288 252
45500 255
45716 255
45928 255
46144 255
46356 255
46568 255
46784 255
46996 271
47208 271
47424 271
47640 283
47852 280
48064 280
48276 280
48488 280
48708 280
48920 280
49132 280
49344 280
49556 280
49776 280
49988 280
50200 280
50412 280
50624 280
50844 280
51056 271
51268 271
51480 271
51700 255
51912 255
52124 255
52336 255
52548 255
52768 255
52980 255
53192 255
53404 255
53616 255
53836 252
54048 248
54260 248
54472 248
4 192
216 192
432 192
648 192
860 195
1072 199
1284 199
1496 199
1716 207
1928 207
2140 211
2352 216
2564 220
2784 224
2996 224
3208 225
3420 227
3632 231
3852 238
4064 240
4276 241
4488 248
4708 248
4920 254
5132 255
5344 255
5556 255
5776 255
5988 255
6200 255
6412 255
6624 271
6840 271
7056 271
7268 280
7480 280
7692 280
7908 280
8120 280
8332 280
8548 280
8760 280
8976 280
9188 280
9400 280
9612 280
9832 280
10044 280
10256 280
10468 271
10680 271
10900 271
11112 271
11324 255
11536 255
11748 255
11968 255
12180 255
12392 255
12604 255
12816 255
13036 255
13248 254
13460 252
13672 248
13892 248
14104 241
14316 240
14528 240
14740 231
14960 231
15172 227
15384 225
15596 224
15808 224
16028 216
16240 216
16452 207
16664 207
16876 199
17096 199
17308 195
17520 192
17732 192
17944 192
18164 184
18376 184
18588 184
18800 177
19016 176
19232 176
19444 176
19656 174
19868 167
20084 167
20296 167
20512 167
20724 167
20936 167
21152 167
21364 167
21576 167
21792 167
22004 167
22220 167
22432 167
22644 167
22856 167
23072 174
23288 176
23500 176
23712 176
23924 177
24144 179
24356 184
24568 184
24780 184
24992 192
25212 192
25424 192
25636 192
25848 195
26060 195
26280 199
26492 199
26704 206
26916 207
27128 207
27348 216
27560 216
27772 224
27984 224
28196 224
28416 227
28628 231
28840 231
29052 240
29272 240
29484 248
29696 248
29908 252
30120 255
30340 255
30552 255
30764 255
30976 255
31188 255
31408 255
31620 271
31832 271
32044 271
32256 275
32472 280
32688 280
32900 280
33112 280
33324 280
33540 280
33756 280
33968 280
34180 280
34396 280
34608 280
34820 280
35036 280
35248 280
35464 275
35676 271
35888 271
36100 271
36316 255
36532 255
36744 255
36956 255
37168 255
37380 255
37600 255
37812 255
38024 255
38236 254
38448 252
38668 248
38880 248
39092 241
39304 240
39524 240
39736 231
39948 231
40160 227
40372 225
40592 224
40804 224
41016 220
41228 216
41440 207
41656 207
41872 206
42084 199
42296 199
42508 193
42724 192
42940 192
43152 188
43364 184
43576 184
43792 177
44004 176
44220 176
44432 176
44648 174
44860 167
45072 167
45284 167
45500 167
45716 167
45928 167
46140 167
46352 167
46564 167
46784 167
46996 167
47208 167
47420 167
47632 167
47852 167
48064 174
48276 176
48488 176
48708 176
48920 176
49132 177
49344 184
49556 184
49776 184
49988 192
50200 192
50412 192
50624 192
50844 193
51056 195
51268 199
51480 199
51692 206
51912 207
52124 207
52336 216
52548 216
52760 220
52980 224
53192 224
53404 227
53616 231
53832 231
54048 240
54260 240
54472 248
4 240
220 231
432 231
644 227
860 224
1072 224
1284 220
1500 216
1716 216
1928 207
2140 207
2352 199
2564 199
2784 195
2996 193
3208 192
3420 192
3632 184
3852 184
4064 184
4276 177
4488 176
4700 176
4920 176
5132 172
5344 167
5556 167
5776 167
5988 167
6200 167
6412 167
6624 167
6844 167
7056 167
7268 167
7480 167
7692 167
7912 167
8124 167
8336 167
8548 176
8760 176
8980 176
9192 176
9404 176
9616 177
9828 184
10048 184
10260 184
10472 192
10684 192
10900 192
11116 192
11328 195
11540 195
11752 199
11968 199
12184 206
12396 207
12608 207
12820 216
13036 216
13248 220
13464 224
13676 224
13888 227
14104 231
14316 231
14528 240
14744 240
14956 248
15172 248
15384 252
15596 255
15808 255
16028 255
16240 255
16452 255
16664 255
16876 255
17096 271
17308 271
17520 271
17732 280
17944 280
18164 280
18376 280
18588 280
18800 280
19012 280
19232 280
19444 280
19656 280
19868 280
20080 280
20300 280
20512 280
20724 280
20936 275
21156 271
21368 271
21580 271
21792 255
22004 255
22224 255
22436 255
22648 255
22860 255
23072 255
23292 255
23504 255
23716 255
23928 252
24140 248
24360 248
24572 243
24784 240
24996 240
25208 231
25424 231
25640 231
25852 225
26064 224
26280 224
26492 220
26708 216
26920 207
27132 207
27348 199
27560 199
27772 195
27988 193
28200 192
28416 192
28628 188
28840 184
29052 184
29268 177
29484 176
29696 176
29908 176
30120 174
30332 167
30552 167
30764 167
30976 167
31188 167
31408 167
31620 167
31832 167
32044 167
32256 167
32476 167
32688 167
32900 167
33112 167
33324 167
33544 172
33756 176
33968 176
34180 176
34392 176
34608 177
34824 184
35036 184
35248 184
35460 184
35676 192
35888 192
36104 192
36316 192
36532 195
36744 199
36956 199
37168 206
37384 207
37600 207
37812 216
38024 216
38236 220
38448 224
38668 224
38880 227
39092 231
39304 231
39516 240
39736 240
39948 248
40160 248
40372 252
40592 255
40804 255
41016 255
41228 255
41440 255
41660 255
41872 255
42084 271
42296 271
42508 271
42728 280
42940 280
43152 280
43364 280
43576 280
43796 280
44008 280
44220 280
44432 280
44644 280
44864 280
45076 280
45288 280
45500 280
45720 280
45932 275
46144 271
46356 271
46568 271
46784 255
47000 255
47212 255
47424 255
47636 255
47852 255
48068 255
48280 255
48492 255
48704 254
48920 252
49132 252
49348 248
49560 248
49772 240
49988 240
50200 238
50412 231
50628 231
50844 227
51056 224
51268 224
51480 220
51692 216
51912 211
52124 207
52336 206
52548 199
52760 199
52980 195
53192 192
53404 192
53616 192
53828 184
54048 184
54260 179
54472 176
4 225
216 227
428 231
640 231
856 240
1072 241
1284 248
1496 248
1708 254
1924 255
2140 255
2352 255
2564 255
2780 255
2992 255
3204 255
3420 271
3632 271
3848 271
4060 280
4272 280
4484 280
4700 280
4916 280
5128 280
5340 280
5552 280
5764 280
5984 280
6196 280
6408 280
6620 280
6832 280
7052 280
7264 275
7476 271
7688 271
7908 271
8120 255
8332 255
8544 255
8756 255
8976 255
9188 255
9400 255
9612 255
9824 255
10044 254
10256 252
10468 248
10680 248
10892 241
11112 240
11324 240
11536 231
11748 231
11960 227
12180 224
12392 224
12604 224
12816 216
13036 216
13248 207
13460 207
13672 199
13884 199
14100 195
14316 193
14528 192
14740 192
14952 188
15168 184
15384 184
15596 177
15808 176
16020 176
16236 176
16448 172
16664 167
16876 167
17088 167
17304 167
17516 167
17728 167
17940 167
18160 167
18372 167
18584 167
18796 167
19008 167
19228 167
19440 167
19652 167
19864 174
20076 176
20292 176
20504 176
20720 176
20932 179
21144 184
21360 184
21572 184
21784 192
22000 192
22212 192
22428 192
22640 193
22852 195
23064 199
23284 199
23496 206
23708 207
23920 207
24132 216
24352 216
24564 220
24776 224
24988 224
25200 227
25420 231
25632 231
25844 240
26056 240
26268 248
26488 248
26700 252
26912 255
27124 255
27344 255
27556 255
27768 255
27980 255
28192 255
28412 271
28624 271
28836 271
29048 280
29260 280
29480 280
29692 280
29904 280
30116 280
30328 280
30548 280
30760 280
30972 280
31184 280
31396 280
31616 280
31828 280
32040 280
32252 275
32468 271
32684 271
32896 271
33108 255
33320 255
33536 255
33748 255
33964 255
34176 255
34388 255
34604 255
34816 255
35028 255
35244 252
35456 248
35672 248
35884 248
36096 240
36308 240
36524 231
36740 231
36952 227
37164 225
37376 224
37596 224
37808 220
38020 216
38232 211
38444 207
38664 206
38876 199
39088 199
39300 193
39512 192
39732 192
39944 188
40156 184
40368 184
40580 177
40800 176
41012 176
41224 176
41436 174
41648 167
41868 167
42080 167
42292 167
42504 167
42724 167
42936 167
43148 167
43360 167
43572 167
43792 167
44004 167
44216 167
44428 167
44640 167
44860 174
45072 176
45284 176
45496 176
45708 176
45924 177
46140 184
46352 184
46564 184
46776 188
46992 192
47208 192
47420 192
47632 193
47848 195
48060 199
48272 199
48488 199
48700 207
48916 207
49128 216
49340 216
49552 220
49768 224
49984 224
50196 225
50408 231
50620 231
50832 240
51052 240
51264 243
51476 248
51688 252
51900 255
52120 255
52332 255
52544 255
52756 255
52976 255
53188 255
53400 255
53612 271
53824 271
54044 271
54256 280
54468 280
4 216
216 216
428 207
640 207
860 199
1072 195
1284 193
1496 192
1708 192
1928 188
2140 184
2352 184
2564 177
2776 176
2996 176
3208 176
3420 176
3632 167
3844 167
4060 167
4276 167
4488 167
4700 167
4916 167
5128 167
5340 167
5556 167
5768 167
5984 167
6196 167
6408 167
6620 167
6836 167
7052 176
7264 176
7476 176
7688 176
7900 177
8120 184
8332 184
8544 184
8756 184
8968 192
9188 192
9400 192
9612 193
9824 195
10044 199
10256 199
10468 199
10680 207
10892 207
11112 211
11324 216
11536 220
11748 224
11960 224
12180 225
12392 227
12604 231
12816 240
13028 240
13248 241
13460 248
13672 252
13884 254
14104 255
14316 255
14528 255
14740 255
14952 255
15172 255
15384 255
15596 271
15808 271
16020 275
16236 280
16452 280
16664 280
16876 280
17088 280
17304 280
17520 280
17732 280
17944 280
18156 280
18372 280
18584 280
18800 280
19012 280
19228 280
19440 271
19652 271
19864 271
20080 255
20296 255
20508 255
20720 255
20932 255
21144 255
21364 255
21576 255
21788 255
22000 255
22212 254
22432 252
22644 248
22856 248
23068 241
23280 240
23500 240
23712 231
23924 231
24136 227
24356 224
24568 224
24780 224
24992 216
25204 216
25424 207
25636 207
25848 199
26060 199
26272 195
26492 192
26704 192
26916 192
27128 184
27340 184
27560 184
27772 177
27984 176
28196 176
28408 176
28628 167
28840 167
29052 167
29264 167
29480 167
29696 167
29908 167
30120 167
30332 167
30548 167
30764 167
30976 167
31188 167
31400 167
31616 167
31828 167
32044 167
32256 176
32468 176
32684 176
32896 177
33108 179
33324 184
33536 184
33752 184
33964 192
34176 192
34388 192
34608 192
34820 195
35032 199
35244 199
35456 199
35676 207
35888 207
36100 211
36312 216
36524 216
36744 224
36956 224
37168 225
37380 227
37592 231
37812 231
38024 240
38236 240
38448 248
38660 248
38880 252
39092 255
39304 255
39516 255
39736 255
39948 255
40160 255
40372 255
40584 255
40804 271
41016 271
41228 271
41440 271
41652 280
41872 280
42084 280
42296 280
42508 280
42720 280
42940 280
43152 280
43364 280
43576 280
43788 280
44008 280
44220 280
44432 280
44644 271
44860 271
45072 271
45288 255
45500 255
45712 255
45928 255
46140 255
46352 255
46568 255
46780 255
46996 255
47208 254
47420 252
47632 248
47844 248
48064 241
48276 240
48488 240
48700 231
48920 231
49132 227
49344 225
49556 224
49768 224
49988 216
50200 216
50412 207
50624 207
50836 199
51056 199
51268 195
51480 193
51692 192
51904 192
52124 188
52336 184
52548 184
52760 177
52972 176
53192 176
53404 176
53616 172
53828 167
54048 167
54260 167
54472 167
4 227
216 231
428 236
640 240
852 241
1072 248
1284 248
1496 254
1708 255
1928 255
2140 255
2352 255
2564 255
2776 255
2996 255
3208 271
3420 271
3632 271
3844 280
4064 280
4276 280
4488 280
4700 280
4912 280
5132 280
5344 280
5556 280
5768 280
5988 280
6200 280
6412 280
6624 280
6836 280
7056 275
7268 271
7480 271
7692 271
7904 255
8120 255
8336 255
8548 255
8760 255
8972 255
9188 255
9404 255
9616 255
9828 254
10040 252
10256 248
10468 248
10684 241
10896 240
11112 240
11324 231
11536 231
11748 227
11964 225
12180 224
12392 224
12604 216
12816 216
13028 207
13248 207
13460 199
13672 199
13884 195
14096 193
14316 192
14528 192
14740 188
14952 184
15164 184
15384 177
15596 176
15808 176
16020 176
16240 172
16452 167
16664 167
16876 167
17088 167
17308 167
17520 167
17732 167
17944 167
18156 167
18376 167
18588 167
18800 167
19012 167
19224 167
19444 167
19656 174
19868 176
20080 176
20292 176
20512 177
20724 179
20936 184
21148 184
21364 184
21580 192
21792 192
22004 192
22216 192
22432 193
22648 195
22860 199
23072 199
23284 207
23500 207
23712 207
23928 216
24140 216
24352 220
24568 224
24780 224
24992 227
25208 231
25420 231
25636 240
25848 240
26060 248
26272 248
26492 252
26704 255
26916 255
27128 255
27340 255
27560 255
27772 255
27984 255
28196 255
28408 271
28628 271
28840 275
29052 280
29264 280
29476 280
29696 280
29908 280
30120 280
30332 280
30544 280
30764 280
30976 280
31188 280
31400 280
31620 280
31832 280
32044 275
32256 271
32468 271
32688 271
32900 255
33112 255
33324 255
33536 255
33756 255
33968 255
34180 255
34392 255
34604 255
34820 255
35036 252
35248 248
35460 248
35676 248
35888 240
36104 240
36316 231
36528 231
36744 231
36956 225
37168 224
37384 224
37596 220
37812 216
38024 211
38236 207
38448 206
38664 199
38880 195
39092 193
39304 192
39516 192
39728 188
39948 184
40160 184
40372 177
40584 176
40804 176
41016 176
41228 176
41440 167
41652 167
41872 167
42084 167
42296 167
42508 167
42720 167
42940 167
43152 167
43364 167
43576 167
43788 167
44008 167
44220 167
44432 167
44644 174
44856 176
45076 176
45288 176
45500 176
45712 179
45932 184
46144 184
46356 184
46568 192
46780 192
47000 192
47212 192
47424 193
47636 195
47848 199
48064 199
48280 199
48492 207
48704 207
48916 216
49132 216
49348 220
49560 224
49772 224
49984 227
50200 231
50412 231
50628 240
50840 240
51056 248
51268 248
51480 252
51692 255
51908 255
52124 255
52336 255
52548 255
52760 255
52972 255
53192 271
53404 271
53616 271
53828 275
54040 280
54260 280
54472 280
4 227
216 225
432 224
644 224
856 220
1072 216
1284 211
1496 207
1708 206
1924 199
2140 199
2352 193
2564 192
2776 192
2996 188
3208 184
3420 184
3632 177
3844 176
4064 176
4276 176
4488 174
4700 167
4912 167
5132 167
5344 167
5556 167
5768 167
5980 167
6200 167
6412 167
6624 167
6836 167
7048 167
7268 167
7480 167
7692 167
7904 172
8124 176
8336 176
8548 176
8760 176
8972 177
9192 184
9404 184
9616 184
9828 188
10040 192
10260 192
10472 192
10684 193
10896 195
11108 199
11324 199
11540 206
11752 207
11964 207
12176 216
12392 216
12608 220
12820 224
13032 224
13248 227
13460 231
13672 231
13888 240
14100 240
14316 248
14528 248
14740 252
14952 255
15168 255
15384 255
15596 255
15808 255
16020 255
16232 255
16452 255
16664 271
16876 271
17088 271
17300 280
17520 280
17732 280
17944 280
18156 280
18376 280
18588 280
18800 280
19012 280
19224 280
19444 280
19656 280
19868 280
20080 280
20292 280
20508 271
20724 271
20936 271
21148 255
21360 255
21576 255
21788 255
22004 255
22216 255
22428 255
22644 255
22856 255
23068 255
23284 252
23500 248
23712 248
23924 248
24136 241
24348 240
24568 236
24780 231
24992 231
25204 227
25416 224
25636 224
25848 220
26060 216
26272 216
26484 207
26704 207
26916 199
27128 199
27340 195
27560 192
27772 192
27984 192
28196 184
28408 184
28628 184
28840 176
29052 176
29264 176
29476 174
29696 167
29908 167
30120 167
30332 167
30544 167
30764 167
30976 167
31188 167
31400 167
31612 167
31832 167
32044 167
32256 167
32468 167
32684 167
32900 167
33112 176
33324 176
33536 176
33752 176
33968 177
34180 184
34392 184
34604 184
34820 188
35032 192
35248 192
35460 192
35672 193
35888 195
36100 199
36312 199
36528 199
36740 207
36956 207
37168 211
37380 216
37592 220
37812 224
38024 224
38236 225
38448 227
38660 231
38880 238
39092 240
39304 241
39516 248
39728 252
39948 254
40160 255
40372 255
40584 255
40796 255
41016 255
41228 255
41440 255
41652 271
41864 271
42084 271
42296 280
42508 280
42720 280
42940 280
43152 280
43364 280
43576 280
43788 280
44008 280
44220 280
44432 280
44644 280
44856 280
45076 280
45288 280
45500 271
45712 271
45924 271
46144 255
46356 255
46568 255
46780 255
46992 255
47208 255
47424 255
47636 255
47848 255
48064 255
48276 254
48492 252
48704 248
48916 248
49132 241
49344 240
49556 240
49772 231
49984 231
50200 227
50412 224
50624 224
50836 224
51052 216
51268 216
51480 207
51692 207
51904 199
52116 199
52336 195
52548 192
52760 192
52972 192
53192 184
53404 184
53616 184
53828 177
54040 176
54260 176
54472 176
8 199
220 199
432 206
644 207
856 207
1072 216
1284 216
1500 220
1712 224
1924 224
2140 227
2352 231
2564 231
2780 240
2992 240
3208 248
3420 248
3632 252
3844 255
4060 255
4276 255
4488 255
4700 255
4912 255
5132 255
5344 271
5556 271
5768 271
5980 280
6200 280
6412 280
6624 280
6836 280
7048 280
7268 280
7480 280
7692 280
7904 280
8116 280
8336 280
8548 280
8760 280
8972 280
9184 275
9404 271
9616 271
9828 271
10040 255
10256 255
10468 255
10684 255
10896 255
11108 255
11324 255
11536 255
11748 255
11964 254
12176 252
12392 248
12604 248
12816 243
13028 240
13244 240
13460 231
13672 231
13884 227
14096 227
14316 224
14528 224
14740 220
14952 216
15164 211
15384 207
15596 206
15808 199
16020 199
16232 193
16452 192
16664 192
16876 192
17088 184
17300 184
17520 177
17732 176
17944 176
18156 176
18368 174
18588 167
18800 167
19012 167
19224 167
19444 167
19656 167
19868 167
20080 167
20292 167
20512 167
20724 167
20936 167
21148 167
21360 167
21580 167
21792 174
22004 176
22216 176
22428 176
22644 176
22860 177
23072 184
23284 184
23496 184
23712 188
23928 192
24140 192
24352 192
24568 193
24780 195
24992 199
25208 199
25420 206
25636 207
25848 207
26060 216
26272 216
26488 220
26704 224
26916 224
27128 225
27340 231
27552 231
27772 240
27984 240
28196 243
28408 248
28620 252
28840 254
29052 255
29264 255
29476 255
29696 255
29908 255
30120 255
30332 271
30544 271
30764 271
30976 275
31188 280
31400 280
31612 280
31832 280
32044 280
32256 280
32468 280
32680 280
32900 280
33112 280
33324 280
33536 280
33748 280
33968 280
34180 280
34392 271
34604 271
34824 271
35036 271
35248 255
35460 255
35672 255
35888 255
36104 255
36316 255
36528 255
36740 255
36956 255
37172 252
37384 252
37596 248
37808 248
38024 241
38236 240
38452 238
38664 231
38876 231
39092 227
39304 224
39516 224
39728 220
39948 216
40160 216
40372 207
40584 207
40796 199
41016 199
41228 195
41440 192
41652 192
41864 192
42080 184
42296 184
42508 179
42720 177
42932 176
43148 176
43360 176
43576 167
43788 167
44000 167
44216 167
44428 167
44640 167
44852 167
45072 167
45284 167
45496 167
45708 167
45920 167
46140 167
46352 167
46564 167
46776 174
46988 176
47208 176
47420 176
47632 176
47844 177
48056 179
48276 184
48488 184
48700 184
48912 192
49132 192
49344 192
49556 193
49768 195
49980 199
50200 199
50412 199
50624 207
50836 207
51048 211
51268 216
51480 220
51692 224
51904 224
52116 225
52336 227
52548 231
52760 231
52972 240
53184 241
53404 248
53616 252
53828 254
54040 255
54256 255
54472 255
4 255
224 255
436 255
648 255
860 255
1072 255
1288 252
1500 248
1712 248
1924 248
2144 241
2356 240
2568 240
2780 231
2992 231
3212 227
3424 225
3636 224
3848 224
4060 220
4280 216
4492 207
4704 207
4916 199
5128 199
5348 195
5560 193
5772 192
5984 192
6196 188
6416 184
6628 184
6840 177
7052 176
7268 176
7480 176
7696 167
7908 167
8120 167
8336 167
8548 167
8760 167
8976 167
9188 167
9404 167
9616 167
9828 167
10040 167
10256 167
10472 167
10684 167
10896 167
11108 174
11328 176
11540 176
11752 176
11964 176
12176 177
12396 184
12608 184
12820 184
13032 192
13244 192
13464 192
13676 192
13888 193
14100 195
14312 199
14532 199
14744 206
14956 207
15168 207
15380 216
15600 216
15812 220
16024 224
16236 224
16456 227
16668 231
16880 231
17092 240
17304 240
17524 248
17736 248
17948 252
18160 255
18372 255
18592 255
18804 255
19016 255
19228 255
19440 255
19656 271
19872 271
20084 271
20296 280
20508 280
20724 280
20940 280
21152 280
21364 280
21580 280
21792 280
22004 280
22220 280
22432 280
22648 280
22860 280
23072 280
23284 280
23500 280
23716 271
23928 271
24140 271
24352 255
24564 255
24784 255
24996 255
25208 255
25420 255
25632 255
25852 255
26064 255
26276 255
26488 252
26708 248
26920 248
27132 248
27344 240
27556 240
27776 236
27988 231
28200 231
28412 225
28624 224
28844 224
29056 220
29268 216
29480 211
29692 207
29912 206
30124 199
30336 199
30548 193
30760 192
30980 192
31192 192
31404 184
31616 184
31832 177
32048 176
32260 176
32472 176
32684 174
32900 167
33116 167
33328 167
33540 167
33752 167
33968 167
34180 167
34396 167
34608 167
34820 167
35036 167
35248 167
35460 167
35676 167
35888 167
36104 172
36316 176
36528 176
36740 176
36960 176
37172 177
37384 184
37596 184
37808 184
38028 188
38240 192
38452 192
38664 192
38876 193
39096 195
39308 199
39520 199
39732 199
39944 207
40164 207
40376 216
40588 216
40800 220
41012 224
41232 224
41444 227
41656 231
41868 231
42084 240
42300 240
42512 243
42724 248
42936 252
43152 255
43364 255
43580 255
43792 255
44004 255
44220 255
44432 255
44644 271
44860 271
45072 271
45288 275
45500 280
45712 280
45924 280
46144 280
46356 280
46568 280
46780 280
46992 280
47212 280
47424 280
47636 280
47848 280
48060 280
48280 280
48492 280
48704 271
48916 271
49128 271
49348 255
49560 255
49772 255
49984 255
50196 255
50416 255
50628 255
50840 255
51052 255
51272 254
51484 252
51696 248
51908 248
52120 248
52340 241
52552 240
52764 240
52976 231
53188 231
53408 227
53620 224
53832 224
54044 220
54256 216
54476 216
4 167
220 167
436 167
648 176
860 176
1072 176
1288 176
1504 177
1716 184
1928 184
2140 184
2356 188
2568 192
2784 192
2996 192
3212 193
3424 195
3636 199
3848 199
4064 199
4280 207
4492 207
4704 216
4916 216
5128 220
5348 224
5560 224
5772 225
5984 231
6196 231
6416 240
6628 240
6840 241
7052 248
7264 252
7484 255
7696 255
7908 255
8120 255
8340 255
8552 255
8764 255
8976 255
9188 271
9408 271
9620 271
9832 280
10044 280
10256 280
10476 280
10688 280
10900 280
11112 280
11324 280
11544 280
11756 280
11968 280
12180 280
12392 280
12612 280
12824 280
13036 271
13248 271
13464 271
13680 255
13892 255
14104 255
14316 255
14532 255
14744 255
14960 255
15172 255
15384 255
15600 255
15812 252
16024 248
16240 248
16452 248
16668 241
16880 240
17092 240
17304 231
17520 231
17736 227
17948 224
18160 224
18372 220
18592 216
18804 216
19016 207
19228 207
19440 199
19660 199
19872 195
20084 192
20296 192
20508 192
20728 184
20940 184
21152 179
21364 177
21576 176
21796 176
22008 176
22220 167
22432 167
22644 167
22864 167
23076 167
23288 167
23500 167
23720 167
23932 167
24144 167
24356 167
24568 167
24788 167
25000 167
25212 167
25424 167
25636 176
25856 176
26068 176
26280 176
26492 177
26704 184
26920 184
27136 184
27348 184
27560 192
27772 192
27988 192
28204 192
28416 195
28628 195
28844 199
29056 199
29268 206
29484 207
29696 211
29912 216
30124 216
30336 224
30548 224
30764 225
30980 227
31192 231
31404 238
31616 240
31828 241
32048 248
32260 252
32472 254
32684 255
32904 255
33116 255
33328 255
33540 255
33752 255
33972 255
34184 271
34396 271
34608 271
34820 280
35040 280
35252 280
35464 280
35676 280
35888 280
36108 280
36320 280
36532 280
36744 280
36956 280
37176 280
37388 280
37600 280
37812 280
38032 275
38244 271
38456 271
38668 271
38880 255
39100 255
39312 255
39524 255
39736 255
39948 255
40164 255
40380 255
40592 255
40804 254
41016 252
41232 248
41448 248
41660 241
41872 240
42084 240
42300 231
42512 231
42728 227
42940 225
43156 224
43368 224
43580 216
43792 216
44008 207
44224 207
44436 199
44648 199
44860 195
45072 193
45292 192
45504 192
45716 188
45928 184
46140 184
46360 177
46572 176
46784 176
46996 176
47208 174
47428 167
47640 167
47852 167
48064 167
48284 167
48496 167
48708 167
48920 167
49132 167
49352 167
49564 167
49776 167
49988 167
50200 167
50420 167
50632 174
50844 176
51056 176
51268 176
51488 176
51700 177
51912 184
52124 184
52336 184
52556 192
52768 192
52980 192
53192 192
53408 193
53624 195
53836 199
54048 199
54260 206
54476 207
