4 224
216 224
428 225
644 227
856 227
1068 231
1280 231
1496 231
1712 231
1924 231
2136 236
2348 231
2560 231
2780 231
2992 231
3204 231
3416 227
3628 227
3848 224
4060 224
4272 224
4484 220
4696 216
4916 207
5128 207
5340 199
5552 199
5772 193
5984 192
6196 188
6408 184
6620 176
6840 174
7052 167
7264 159
7476 159
7688 156
7908 152
8120 143
8332 142
8544 135
8756 127
8976 127
9188 127
9400 124
9612 120
9824 115
10044 112
10256 112
10468 103
10680 103
10896 103
11112 103
11324 99
11536 99
11748 99
11964 99
12176 99
12392 99
12604 99
12816 99
13032 103
13244 103
13456 103
13672 110
13884 112
14100 113
14312 120
14524 120
14736 124
14952 127
15168 127
15380 127
15592 135
15804 143
16024 143
16236 152
16448 156
16660 159
16872 163
17092 167
17304 176
17516 177
17728 184
17940 192
18160 192
18372 195
18584 199
18796 199
19008 207
19228 209
19440 216
19652 220
19864 224
20084 224
20296 225
20508 227
20720 227
20932 231
21152 231
21364 231
21576 231
21788 231
22000 231
22220 231
22432 231
22644 231
22856 231
23068 231
23288 231
23500 227
23712 224
23924 224
24136 224
24352 216
24568 216
24780 207
24992 207
25208 199
25420 195
25636 193
25848 192
26060 192
26276 184
26488 176
26700 176
26916 167
27128 159
27344 159
27556 156
27768 152
27980 143
28196 142
28412 135
28624 127
28836 127
29048 127
29260 124
29480 120
29692 115
29904 112
30116 112
30336 103
30548 103
30760 103
30972 103
31184 99
31404 99
31616 99
31828 99
32040 99
32252 99
32472 99
32684 99
32896 103
33108 103
33320 103
33540 110
33752 112
33964 112
34176 120
34388 120
34608 124
34820 127
35032 127
35244 127
35464 135
35676 143
35888 143
36100 152
36312 156
36532 159
36744 163
36956 167
37168 176
37380 177
37596 184
37812 192
38024 192
38236 195
38448 199
38664 199
38880 207
39092 211
39304 216
39516 220
39732 224
39944 224
40160 225
40372 227
40588 231
40800 231
41012 231
41224 231
41440 231
41656 231
41868 231
42080 231
42292 231
42504 231
42724 231
42936 231
43148 231
43360 227
43572 224
43792 224
44004 224
44216 216
44428 216
44640 207
44860 207
45072 199
45284 199
45496 193
45716 192
45928 192
46140 184
46352 177
46564 174
46784 167
46996 159
47208 159
47420 156
47632 152
47852 143
48064 142
48276 135
48488 127
48700 127
48920 126
49132 124
49344 120
49556 115
49768 112
49988 112
50200 103
50412 103
50624 103
50840 103
51056 99
51268 99
51480 99
51692 99
51908 99
52120 99
52336 99
52548 99
52760 103
52976 103
53188 103
53400 110
53616 112
53828 113
54044 120
54256 120
54468 124
4 126
220 120
436 120
648 115
860 112
1076 112
1288 103
1500 103
1716 103
1928 103
2144 99
2356 99
2568 99
2780 99
2996 99
3212 99
3424 99
3636 103
3848 103
4060 103
4280 103
4492 112
4704 112
4916 113
5128 120
5348 120
5560 124
5772 127
5984 127
6204 127
6416 135
6628 143
6840 147
7052 152
7272 158
7484 159
7696 167
7908 167
8120 176
8340 179
8552 184
8764 192
8976 192
9188 195
9408 199
9620 206
9832 207
10044 216
10256 216
10476 220
10688 224
10900 224
11112 225
11328 227
11544 231
11756 231
11968 231
12180 231
12396 231
12612 231
12824 231
13036 231
13248 231
13464 231
13676 231
13892 231
14104 227
14316 225
14532 224
14744 224
14956 224
15172 216
15384 216
15600 207
15812 207
16024 199
16236 195
16456 193
16668 192
16880 184
17092 184
17304 176
17524 174
17736 167
17948 159
18160 159
18372 156
18592 152
18804 143
19016 142
19228 135
19440 127
19660 127
19872 126
20084 124
20296 120
20508 113
20728 112
20940 112
21152 103
21364 103
21584 103
21796 103
22008 99
22220 99
22432 99
22652 99
22864 99
23076 99
23288 99
23500 99
23720 103
23932 103
24144 103
24356 112
24568 112
24788 113
25000 120
25212 120
25424 124
25636 127
25852 127
26068 127
26280 135
26492 143
26708 147
26920 152
27136 156
27348 159
27560 163
27776 167
27988 176
28200 177
28416 184
28628 192
28844 192
29056 195
29268 199
29480 206
29696 207
29912 216
30124 216
30336 220
30548 224
30760 224
30980 225
31192 227
31404 227
31616 231
31836 231
32048 231
32260 231
32472 231
32684 231
32904 231
33116 231
33328 231
33540 231
33752 231
33972 227
34184 225
34396 224
34608 224
34820 224
35040 216
35252 216
35464 207
35676 207
35896 199
36108 199
36320 193
36532 192
36744 188
36964 184
37176 176
37388 167
37600 167
37812 159
38032 159
38244 156
38456 152
38668 143
38880 142
39096 135
39312 127
39524 127
39736 126
39948 124
40164 120
40380 113
40592 112
40804 112
41020 103
41232 103
41444 103
41660 103
41872 99
42088 99
42300 99
42512 99
42724 99
42940 99
43156 99
43368 103
43580 103
43792 103
44004 103
44224 112
44436 112
44648 113
44860 120
45072 120
45292 124
45504 127
45716 127
45928 127
46148 135
46360 143
46572 147
46784 152
46996 158
47216 159
47428 163
47640 167
47852 176
48064 179
48284 184
48496 192
48708 192
48920 195
49132 199
49352 206
49564 207
49776 216
49988 216
50200 220
50420 224
50632 224
50844 225
51056 227
51276 231
51488 231
51700 231
51912 231
52124 231
52340 231
52556 231
52768 231
52980 231
53192 231
53408 231
53620 231
53836 227
54048 225
54260 224
54476 224
